d3_test.asc.txt
NCOLS  400
NROWS  400
XLLCORNER  102.250
YLLCORNER  8.650
CELLSIZE  0.03684
NODATA_VALUE  -9999
[rows 290 to 318 of 400, columns 260 to 324 of 400]
-9999.00 -9999.00 -9999.00 -9999.00 -9999.00 -9999.00 -9999.00 -9999.00 -9999.00 -9999.00 -9999.00 -9999.00 -9999.00 -9999.00 -9999.00 -9999.00 -9999.00 -9999.00 -9999.00 -9999.00 -9999.00 -9999.00 -9999.00 -9999.00 -9999.00 -9999.00 -9999.00 -9999.00 -9999.00 -9999.00 -9999.00 -9999.00 -9999.00 -9999.00 -9999.00 1.58 1.56 1.53 1.51 1.47 1.45 1.45 1.45 1.45 1.45 1.54 1.63 1.72 1.81 1.89 1.93 1.88 1.79 1.70 1.61 1.52 1.52 1.52 1.52 1.52 1.52 1.48 1.45 1.45 1.45
-9999.00 -9999.00 -9999.00 -9999.00 -9999.00 -9999.00 -9999.00 -9999.00 -9999.00 -9999.00 -9999.00 -9999.00 -9999.00 -9999.00 -9999.00 -9999.00 -9999.00 -9999.00 -9999.00 -9999.00 -9999.00 -9999.00 -9999.00 -9999.00 -9999.00 -9999.00 -9999.00 -9999.00 -9999.00 -9999.00 -9999.00 -9999.00 -9999.00 -9999.00 -9999.00 1.52 1.49 1.47 1.44 1.44 1.45 1.45 1.45 1.45 1.45 1.45 1.45 1.54 1.63 1.71 1.80 1.83 1.79 1.70 1.61 1.52 1.45 1.45 1.45 1.45 1.45 1.45 1.45 1.45 1.45
-9999.00 -9999.00 -9999.00 -9999.00 -9999.00 -9999.00 -9999.00 -9999.00 -9999.00 -9999.00 -9999.00 -9999.00 -9999.00 -9999.00 -9999.00 -9999.00 -9999.00 -9999.00 -9999.00 -9999.00 -9999.00 -9999.00 -9999.00 -9999.00 -9999.00 -9999.00 -9999.00 -9999.00 -9999.00 -9999.00 -9999.00 -9999.00 -9999.00 -9999.00 -9999.00 -9999.00 1.43 1.41 1.43 1.44 1.45 1.45 1.45 1.45 1.45 1.45 1.45 1.45 1.45 1.54 1.62 1.65 1.65 1.65 1.61 1.52 1.45 1.45 1.45 1.45 1.45 1.45 1.45 1.45 1.45
-9999.00 -9999.00 -9999.00 -9999.00 -9999.00 -9999.00 -9999.00 -9999.00 -9999.00 -9999.00 -9999.00 -9999.00 -9999.00 -9999.00 -9999.00 -9999.00 -9999.00 -9999.00 -9999.00 -9999.00 -9999.00 -9999.00 -9999.00 -9999.00 -9999.00 -9999.00 -9999.00 -9999.00 -9999.00 -9999.00 -9999.00 -9999.00 -9999.00 -9999.00 -9999.00 -9999.00 1.39 1.41 1.43 1.44 1.45 1.45 1.45 1.45 1.45 1.45 1.45 1.45 1.45 1.45 1.45 1.47 1.47 1.47 1.47 1.47 1.45 1.45 1.45 1.45 1.45 1.45 1.45 1.45 1.45
-9999.00 -9999.00 -9999.00 -9999.00 -9999.00 -9999.00 -9999.00 -9999.00 -9999.00 -9999.00 -9999.00 -9999.00 -9999.00 -9999.00 -9999.00 -9999.00 -9999.00 -9999.00 -9999.00 -9999.00 -9999.00 -9999.00 -9999.00 -9999.00 -9999.00 -9999.00 -9999.00 -9999.00 -9999.00 -9999.00 -9999.00 -9999.00 -9999.00 -9999.00 -9999.00 1.38 1.39 1.41 1.41 1.44 1.45 1.45 1.45 1.45 1.45 1.45 1.45 1.45 1.45 1.45 1.45 1.51 1.59 1.60 1.60 1.60 1.58 1.45 1.36 1.36 1.36 1.36 1.36 1.36 1.36
-9999.00 -9999.00 -9999.00 -9999.00 -9999.00 -9999.00 -9999.00 -9999.00 -9999.00 -9999.00 -9999.00 -9999.00 -9999.00 -9999.00 -9999.00 -9999.00 -9999.00 -9999.00 -9999.00 -9999.00 -9999.00 -9999.00 -9999.00 -9999.00 -9999.00 -9999.00 -9999.00 -9999.00 -9999.00 -9999.00 -9999.00 -9999.00 -9999.00 -9999.00 -9999.00 -9999.00 1.37 1.36 1.38 1.44 1.45 1.45 1.45 1.45 1.45 1.45 1.45 1.45 1.45 1.45 1.45 1.51 1.59 1.68 1.77 1.78 1.76 1.63 1.49 1.35 1.26 1.26 1.26 1.26 1.26
-9999.00 -9999.00 -9999.00 -9999.00 -9999.00 -9999.00 -9999.00 -9999.00 -9999.00 -9999.00 -9999.00 -9999.00 -9999.00 -9999.00 -9999.00 -9999.00 -9999.00 -9999.00 -9999.00 -9999.00 -9999.00 -9999.00 -9999.00 -9999.00 -9999.00 -9999.00 -9999.00 -9999.00 -9999.00 -9999.00 -9999.00 -9999.00 -9999.00 -9999.00 -9999.00 1.32 1.31 1.33 1.38 1.43 1.45 1.45 1.45 1.45 1.45 1.43 1.42 1.42 1.42 1.42 1.42 1.45 1.54 1.63 1.72 1.81 1.88 1.77 1.63 1.49 1.35 1.22 1.17 1.17 1.17
-9999.00 -9999.00 -9999.00 -9999.00 -9999.00 -9999.00 -9999.00 -9999.00 -9999.00 -9999.00 -9999.00 -9999.00 -9999.00 -9999.00 -9999.00 -9999.00 -9999.00 -9999.00 -9999.00 -9999.00 -9999.00 -9999.00 -9999.00 -9999.00 -9999.00 -9999.00 -9999.00 -9999.00 -9999.00 -9999.00 -9999.00 -9999.00 -9999.00 -9999.00 1.27 1.25 1.28 1.33 1.33 1.33 1.37 1.42 1.45 1.45 1.45 1.43 1.34 1.25 1.24 1.24 1.24 1.24 1.24 1.27 1.36 1.45 1.52 1.52 1.52 1.41 1.28 1.14 1.10 1.14 1.17
-9999.00 -9999.00 -9999.00 -9999.00 -9999.00 -9999.00 -9999.00 -9999.00 -9999.00 -9999.00 -9999.00 -9999.00 -9999.00 -9999.00 -9999.00 -9999.00 -9999.00 -9999.00 -9999.00 -9999.00 -9999.00 -9999.00 -9999.00 -9999.00 -9999.00 -9999.00 -9999.00 -9999.00 -9999.00 -9999.00 -9999.00 -9999.00 -9999.00 -9999.00 1.20 1.23 1.23 1.23 1.23 1.23 1.27 1.32 1.37 1.42 1.45 1.43 1.34 1.25 1.17 1.08 1.06 1.06 1.06 1.06 1.06 1.09 1.17 1.17 1.17 1.17 1.17 1.06 1.03 1.06 1.10
-9999.00 -9999.00 -9999.00 -9999.00 -9999.00 -9999.00 -9999.00 -9999.00 -9999.00 -9999.00 -9999.00 -9999.00 -9999.00 -9999.00 -9999.00 -9999.00 -9999.00 -9999.00 -9999.00 -9999.00 -9999.00 -9999.00 -9999.00 -9999.00 -9999.00 -9999.00 -9999.00 -9999.00 -9999.00 -9999.00 -9999.00 -9999.00 1.17 1.14 1.14 1.14 1.14 1.14 1.14 1.14 1.14 1.18 1.23 1.28 1.33 1.36 1.31 1.23 1.14 1.05 0.96 0.98 0.99 0.99 0.99 0.99 0.99 0.96 0.96 0.96 0.96 0.96 1.01 1.06 1.10
-9999.00 -9999.00 -9999.00 -9999.00 -9999.00 -9999.00 -9999.00 -9999.00 -9999.00 -9999.00 -9999.00 -9999.00 -9999.00 -9999.00 -9999.00 1.40 -9999.00 1.30 1.25 1.23 1.23 1.23 1.23 1.23 1.22 -9999.00 -9999.00 -9999.00 -9999.00 1.13 1.09 1.06 1.06 1.06 1.06 1.06 1.06 1.06 1.06 1.06 1.06 1.06 1.06 1.10 1.15 1.18 1.15 1.12 1.07 0.99 0.90 0.91 0.98 1.05 1.07 1.07 1.07 1.03 0.99 0.96 0.96 0.96 1.01 1.10 1.19
-9999.00 -9999.00 -9999.00 -9999.00 -9999.00 -9999.00 -9999.00 -9999.00 -9999.00 -9999.00 -9999.00 -9999.00 1.45 1.40 1.35 1.30 1.25 1.20 1.18 1.18 1.18 1.18 1.18 1.18 1.16 1.12 -9999.00 -9999.00 1.01 0.98 0.98 0.98 0.98 0.98 0.98 0.98 0.98 0.98 0.98 0.98 0.98 0.98 0.98 0.98 0.98 1.00 0.97 0.94 0.91 0.88 0.83 0.85 0.92 0.99 1.06 1.13 1.14 1.10 1.07 1.03 0.99 0.96 1.01 1.10 1.19
-9999.00 -9999.00 -9999.00 -9999.00 -9999.00 -9999.00 -9999.00 -9999.00 -9999.00 -9999.00 -9999.00 -9999.00 1.37 1.37 1.32 1.27 1.22 1.17 1.13 1.11 1.11 1.11 1.11 1.11 1.11 1.08 1.04 1.00 0.97 0.96 0.96 0.96 0.96 0.96 0.95 0.92 0.91 0.91 0.91 0.91 0.94 0.96 0.96 0.96 0.96 0.95 0.92 0.89 0.86 0.83 0.80 0.81 0.85 0.92 0.98 1.05 1.11 1.08 1.04 1.01 0.97 0.93 0.98 1.10 1.19
-9999.00 -9999.00 -9999.00 -9999.00 -9999.00 -9999.00 -9999.00 -9999.00 -9999.00 1.35 1.43 1.33 1.27 1.27 1.27 1.27 1.22 1.17 1.13 1.10 1.06 1.04 1.04 1.04 1.04 1.04 1.04 1.00 0.97 0.96 0.96 0.96 0.96 0.96 0.95 0.92 0.89 0.86 0.85 0.85 0.87 0.90 0.94 0.96 0.96 0.95 0.92 0.89 0.86 0.83 0.80 0.81 0.84 0.87 0.91 0.98 1.03 1.00 0.97 0.94 0.90 0.87 0.92 1.04 1.16
-9999.00 -9999.00 -9999.00 -9999.00 -9999.00 -9999.00 -9999.00 1.24 1.36 1.42 1.32 1.22 1.17 1.17 1.17 1.17 1.17 1.17 1.13 1.10 1.06 1.02 0.98 0.96 0.96 0.96 0.96 0.96 0.96 0.96 0.96 0.96 0.96 0.96 0.95 0.92 0.89 0.86 0.83 0.79 0.81 0.84 0.87 0.90 0.94 0.95 0.92 0.89 0.86 0.83 0.80 0.81 0.84 0.87 0.90 0.93 0.96 0.92 0.89 0.86 0.83 0.80 0.86 0.98 1.09
-9999.00 -9999.00 -9999.00 -9999.00 1.00 1.12 1.24 1.36 1.42 1.32 1.23 1.14 1.09 1.09 1.09 1.09 1.09 1.09 1.09 1.09 1.06 1.02 0.98 0.95 0.92 0.90 0.90 0.90 0.90 0.85 0.80 0.79 0.79 0.79 0.80 0.82 0.83 0.80 0.77 0.74 0.73 0.73 0.75 0.78 0.81 0.86 0.96 1.03 1.00 0.97 0.94 0.90 0.86 0.87 0.90 0.93 0.96 0.96 0.96 0.93 0.89 0.86 0.85 0.85 0.91
-9999.00 -9999.00 0.88 1.00 1.12 1.24 1.36 1.42 1.33 1.24 1.15 1.06 1.01 1.01 1.01 1.01 1.01 1.01 1.01 1.01 1.01 1.01 0.98 0.95 0.92 0.89 0.85 0.83 0.83 0.79 0.74 0.68 0.63 0.62 0.62 0.65 0.67 0.70 0.71 0.68 0.67 0.67 0.67 0.67 0.69 0.74 0.84 0.93 1.03 1.11 1.08 1.04 1.01 0.97 0.93 0.93 0.96 0.96 0.96 0.96 0.96 0.93 0.91 0.91 0.91
0.82 0.82 0.94 1.06 1.18 1.30 1.42 1.36 1.27 1.18 1.10 1.01 0.96 0.96 0.96 0.96 0.96 0.96 0.98 0.98 0.98 0.98 0.98 0.95 0.90 0.87 0.84 0.81 0.78 0.76 0.70 0.65 0.60 0.55 0.51 0.53 0.55 0.58 0.60 0.63 0.67 0.67 0.67 0.67 0.67 0.68 0.75 0.85 0.94 1.04 1.14 1.14 1.11 1.07 1.03 0.99 0.96 0.96 0.96 0.96 0.96 0.96 0.96 0.96 0.96
0.88 0.89 0.93 0.96 1.08 1.20 1.32 1.28 1.24 1.18 1.10 1.01 0.96 0.96 0.96 0.96 0.96 0.96 0.99 1.03 1.06 1.06 1.06 1.02 0.93 0.83 0.78 0.75 0.72 0.71 0.71 0.70 0.65 0.60 0.56 0.56 0.56 0.58 0.60 0.63 0.68 0.74 0.79 0.79 0.79 0.80 0.83 0.87 0.94 1.04 1.14 1.14 1.11 1.07 1.03 0.99 0.96 0.96 0.96 0.96 0.96 0.96 0.96 0.96 0.96
0.95 0.95 0.99 1.03 1.07 1.10 1.21 1.18 1.14 1.10 1.06 1.01 0.96 0.96 0.96 0.96 0.96 0.96 0.99 1.03 1.07 1.11 1.14 1.10 1.00 0.91 0.81 0.71 0.66 0.66 0.66 0.66 0.66 0.65 0.61 0.61 0.61 0.61 0.61 0.63 0.68 0.74 0.80 0.85 0.91 0.92 0.95 0.99 1.03 1.07 1.14 1.14 1.11 1.07 1.03 0.99 0.96 0.96 0.96 0.96 0.96 0.96 0.96 0.96 0.96
0.94 0.92 0.94 0.98 1.01 1.05 1.09 1.09 1.06 1.02 0.98 0.94 0.92 0.92 0.92 0.92 0.92 0.92 0.95 0.99 1.03 1.06 1.10 1.12 1.10 1.01 0.91 0.81 0.72 0.68 0.67 0.67 0.67 0.67 0.66 0.63 0.63 0.63 0.63 0.63 0.63 0.67 0.73 0.79 0.84 0.90 0.96 1.00 1.04 1.07 1.11 1.10 1.07 1.03 0.99 0.96 0.92 0.92 0.92 0.92 0.92 0.92 0.96 1.00 1.00
0.88 0.86 0.86 0.86 0.87 0.91 0.95 0.95 0.95 0.95 0.92 0.88 0.86 0.86 0.86 0.86 0.86 0.86 0.89 0.92 0.95 0.99 1.02 1.05 1.05 1.05 1.03 0.94 0.84 0.80 0.76 0.73 0.72 0.72 0.71 0.69 0.66 0.63 0.63 0.63 0.63 0.63 0.63 0.67 0.72 0.78 0.84 0.90 0.96 1.00 1.04 1.03 1.00 0.96 0.93 0.89 0.86 0.86 0.86 0.86 0.86 0.86 0.90 0.97 1.04
0.81 0.80 0.80 0.80 0.80 0.80 0.81 0.81 0.81 0.81 0.81 0.81 0.80 0.80 0.80 0.80 0.80 0.80 0.82 0.86 0.89 0.92 0.95 0.97 0.97 0.97 0.97 0.97 0.96 0.92 0.89 0.85 0.82 0.79 0.77 0.74 0.71 0.69 0.66 0.63 0.63 0.63 0.63 0.63 0.63 0.66 0.72 0.78 0.84 0.90 0.96 0.95 0.92 0.89 0.86 0.82 0.80 0.80 0.80 0.80 0.80 0.80 0.84 0.90 0.97
0.84 0.84 0.84 0.84 0.84 0.84 0.84 0.81 0.79 0.79 0.79 0.79 0.80 0.83 0.84 0.84 0.84 0.84 0.84 0.85 0.88 0.91 0.94 0.96 0.96 0.96 0.96 0.96 0.96 0.93 0.90 0.87 0.84 0.81 0.79 0.79 0.77 0.74 0.72 0.69 0.68 0.68 0.68 0.68 0.68 0.68 0.65 0.66 0.72 0.78 0.84 0.88 0.90 0.88 0.84 0.81 0.79 0.82 0.84 0.84 0.84 0.84 0.82 0.79 0.84
0.90 0.90 0.90 0.90 0.90 0.90 0.90 0.87 0.84 0.81 0.79 0.79 0.80 0.83 0.86 0.89 0.90 0.90 0.90 0.90 0.90 0.91 0.94 0.96 0.96 0.96 0.96 0.96 0.96 0.93 0.90 0.87 0.84 0.81 0.79 0.79 0.79 0.79 0.77 0.74 0.74 0.74 0.74 0.74 0.74 0.73 0.70 0.68 0.65 0.66 0.72 0.75 0.78 0.81 0.84 0.81 0.79 0.82 0.85 0.88 0.90 0.90 0.89 0.86 0.82
0.96 0.96 0.96 0.96 0.96 0.96 0.96 0.94 0.91 0.87 0.84 0.81 0.81 0.84 0.87 0.91 0.94 0.97 0.96 0.96 0.96 0.96 0.96 0.97 0.97 0.97 0.97 0.97 0.97 0.94 0.91 0.88 0.85 0.82 0.79 0.79 0.79 0.79 0.79 0.79 0.79 0.79 0.79 0.79 0.79 0.78 0.75 0.73 0.70 0.67 0.64 0.65 0.68 0.71 0.73 0.76 0.79 0.81 0.84 0.87 0.91 0.94 0.95 0.92 0.89
0.96 0.96 0.96 0.96 0.96 0.96 0.96 0.96 0.96 0.94 0.91 0.88 0.88 0.91 0.95 0.98 1.01 1.05 1.01 0.98 0.96 0.96 0.96 0.97 1.01 1.05 1.05 1.05 1.05 1.02 0.98 0.94 0.91 0.88 0.85 0.82 0.79 0.79 0.79 0.79 0.79 0.79 0.79 0.79 0.79 0.78 0.75 0.73 0.70 0.67 0.64 0.65 0.68 0.71 0.73 0.76 0.79 0.79 0.79 0.81 0.84 0.87 0.90 0.94 0.95
0.96 0.96 0.96 0.96 0.96 0.96 0.96 0.96 0.96 0.96 0.96 0.94 0.94 0.98 1.02 1.05 1.09 1.12 1.09 1.05 1.01 0.98 0.96 0.97 1.01 1.05 1.09 1.12 1.12 1.09 1.06 1.02 0.98 0.95 0.91 0.88 0.85 0.82 0.79 0.79 0.79 0.79 0.79 0.79 0.79 0.78 0.75 0.73 0.70 0.67 0.64 0.65 0.68 0.71 0.73 0.76 0.79 0.79 0.79 0.79 0.79 0.81 0.84 0.87 0.90
0.96 0.96 0.96 0.96 0.96 0.96 0.96 0.96 0.96 0.96 0.96 0.96 0.96 0.98 1.02 1.06 1.10 1.13 1.17 1.13 1.09 1.05 1.02 0.98 0.98 1.02 1.05 1.09 1.13 1.14 1.10 1.06 1.02 0.99 0.95 0.92 0.89 0.86 0.83 0.79 0.79 0.79 0.79 0.79 0.79 0.79 0.78 0.75 0.72 0.69 0.67 0.66 0.68 0.71 0.73 0.76 0.78 0.76 0.76 0.76 0.76 0.76 0.80 0.84 0.87
