d3_test.asc.txt
NCOLS  400
NROWS  400
XLLCORNER  102.250
YLLCORNER  8.650
CELLSIZE  0.03684
NODATA_VALUE  -9999
[rows 232 to 260 of 400, columns 260 to 324 of 400]
-9999.00 -9999.00 -9999.00 -9999.00 -9999.00 -9999.00 -9999.00 -9999.00 -9999.00 -9999.00 -9999.00 -9999.00 -9999.00 -9999.00 -9999.00 -9999.00 -9999.00 -9999.00 -9999.00 -9999.00 -9999.00 -9999.00 -9999.00 -9999.00 -9999.00 -9999.00 -9999.00 -9999.00 -9999.00 -9999.00 -9999.00 -9999.00 -9999.00 1.93 1.91 1.82 1.73 1.65 1.56 1.47 1.45 1.45 1.45 1.45 1.45 1.45 1.45 1.45 1.50 1.59 1.67 1.76 1.85 1.93 1.84 1.76 1.67 1.58 1.49 1.45 1.45 1.45 1.45 1.45 1.45
-9999.00 -9999.00 -9999.00 -9999.00 -9999.00 -9999.00 -9999.00 -9999.00 -9999.00 -9999.00 -9999.00 -9999.00 -9999.00 -9999.00 -9999.00 -9999.00 -9999.00 -9999.00 -9999.00 -9999.00 -9999.00 -9999.00 -9999.00 -9999.00 -9999.00 -9999.00 -9999.00 -9999.00 -9999.00 -9999.00 -9999.00 -9999.00 -9999.00 1.93 1.91 1.82 1.73 1.65 1.56 1.47 1.45 1.45 1.45 1.45 1.45 1.45 1.45 1.45 1.45 1.45 1.50 1.58 1.67 1.76 1.85 1.93 1.85 1.76 1.67 1.58 1.50 1.45 1.45 1.45 1.45
-9999.00 -9999.00 -9999.00 -9999.00 -9999.00 -9999.00 -9999.00 -9999.00 -9999.00 -9999.00 -9999.00 -9999.00 -9999.00 -9999.00 -9999.00 -9999.00 -9999.00 -9999.00 -9999.00 -9999.00 -9999.00 -9999.00 -9999.00 -9999.00 -9999.00 -9999.00 -9999.00 -9999.00 -9999.00 -9999.00 -9999.00 -9999.00 -9999.00 1.93 1.93 1.92 1.84 1.75 1.66 1.57 1.55 1.55 1.55 1.55 1.55 1.55 1.55 1.55 1.55 1.55 1.55 1.49 1.49 1.58 1.67 1.76 1.83 1.83 1.75 1.66 1.57 1.48 1.42 1.39 1.39
-9999.00 -9999.00 -9999.00 -9999.00 -9999.00 -9999.00 -9999.00 -9999.00 -9999.00 -9999.00 -9999.00 -9999.00 -9999.00 -9999.00 -9999.00 -9999.00 -9999.00 -9999.00 -9999.00 -9999.00 -9999.00 -9999.00 -9999.00 -9999.00 -9999.00 -9999.00 -9999.00 -9999.00 -9999.00 -9999.00 -9999.00 -9999.00 -9999.00 -9999.00 1.93 1.93 1.93 1.93 1.84 1.75 1.73 1.73 1.73 1.73 1.73 1.73 1.73 1.73 1.73 1.73 1.73 1.67 1.58 1.50 1.49 1.58 1.65 1.65 1.65 1.65 1.57 1.48 1.42 1.37 1.32
-9999.00 -9999.00 -9999.00 -9999.00 -9999.00 -9999.00 -9999.00 -9999.00 -9999.00 -9999.00 -9999.00 -9999.00 -9999.00 -9999.00 -9999.00 -9999.00 -9999.00 -9999.00 -9999.00 -9999.00 -9999.00 -9999.00 -9999.00 -9999.00 -9999.00 -9999.00 -9999.00 -9999.00 -9999.00 -9999.00 -9999.00 -9999.00 -9999.00 -9999.00 1.93 1.93 1.93 1.93 1.93 1.93 1.91 1.91 1.91 1.91 1.91 1.91 1.91 1.91 1.91 1.91 1.91 1.85 1.76 1.67 1.59 1.50 1.47 1.47 1.47 1.47 1.47 1.47 1.42 1.37 1.32
-9999.00 -9999.00 -9999.00 -9999.00 -9999.00 -9999.00 -9999.00 -9999.00 -9999.00 -9999.00 -9999.00 -9999.00 -9999.00 -9999.00 -9999.00 -9999.00 -9999.00 -9999.00 -9999.00 -9999.00 -9999.00 -9999.00 -9999.00 -9999.00 -9999.00 -9999.00 -9999.00 -9999.00 -9999.00 -9999.00 -9999.00 -9999.00 -9999.00 -9999.00 1.93 1.93 1.93 1.93 1.93 1.93 1.93 1.93 1.93 1.93 1.93 1.91 1.77 1.69 1.69 1.69 1.69 1.73 1.78 1.70 1.61 1.52 1.45 1.45 1.45 1.45 1.45 1.45 1.40 1.31 1.25
-9999.00 -9999.00 -9999.00 -9999.00 -9999.00 -9999.00 -9999.00 -9999.00 -9999.00 -9999.00 -9999.00 -9999.00 -9999.00 -9999.00 -9999.00 -9999.00 -9999.00 -9999.00 -9999.00 -9999.00 -9999.00 -9999.00 -9999.00 -9999.00 -9999.00 -9999.00 -9999.00 -9999.00 -9999.00 -9999.00 -9999.00 -9999.00 -9999.00 1.93 1.93 1.93 1.93 1.93 1.93 1.93 1.93 1.93 1.93 1.93 1.93 1.91 1.77 1.63 1.49 1.41 1.41 1.44 1.49 1.54 1.60 1.52 1.45 1.45 1.45 1.45 1.45 1.45 1.40 1.31 1.22
-9999.00 -9999.00 -9999.00 -9999.00 -9999.00 -9999.00 -9999.00 -9999.00 -9999.00 -9999.00 -9999.00 -9999.00 -9999.00 -9999.00 -9999.00 -9999.00 -9999.00 -9999.00 -9999.00 -9999.00 -9999.00 -9999.00 -9999.00 -9999.00 -9999.00 -9999.00 -9999.00 -9999.00 -9999.00 -9999.00 -9999.00 -9999.00 -9999.00 1.93 1.93 1.93 1.93 1.93 1.93 1.93 1.91 1.91 1.91 1.91 1.91 1.91 1.78 1.64 1.51 1.37 1.23 1.20 1.25 1.30 1.35 1.40 1.44 1.42 1.42 1.42 1.42 1.42 1.40 1.31 1.22
-9999.00 -9999.00 -9999.00 -9999.00 -9999.00 -9999.00 -9999.00 -9999.00 -9999.00 -9999.00 -9999.00 -9999.00 -9999.00 -9999.00 -9999.00 -9999.00 -9999.00 -9999.00 -9999.00 -9999.00 -9999.00 -9999.00 -9999.00 -9999.00 -9999.00 -9999.00 -9999.00 -9999.00 -9999.00 -9999.00 -9999.00 -9999.00 1.93 1.93 1.93 1.93 1.93 1.93 1.93 1.93 1.87 1.78 1.73 1.73 1.73 1.73 1.73 1.73 1.61 1.47 1.33 1.29 1.29 1.30 1.35 1.40 1.44 1.35 1.26 1.24 1.24 1.24 1.24 1.24 1.22
-9999.00 -9999.00 -9999.00 -9999.00 -9999.00 -9999.00 -9999.00 -9999.00 -9999.00 -9999.00 -9999.00 -9999.00 -9999.00 -9999.00 -9999.00 -9999.00 -9999.00 -9999.00 -9999.00 -9999.00 -9999.00 -9999.00 -9999.00 -9999.00 -9999.00 -9999.00 -9999.00 -9999.00 -9999.00 -9999.00 -9999.00 -9999.00 1.93 1.93 1.93 1.93 1.93 1.93 1.93 1.93 1.87 1.78 1.69 1.61 1.55 1.55 1.55 1.55 1.55 1.55 1.44 1.39 1.39 1.39 1.39 1.40 1.44 1.35 1.26 1.17 1.08 1.06 1.06 1.06 1.06
-9999.00 -9999.00 -9999.00 -9999.00 -9999.00 -9999.00 -9999.00 -9999.00 -9999.00 -9999.00 -9999.00 -9999.00 -9999.00 -9999.00 -9999.00 -9999.00 -9999.00 -9999.00 -9999.00 -9999.00 -9999.00 -9999.00 -9999.00 -9999.00 -9999.00 -9999.00 -9999.00 -9999.00 -9999.00 -9999.00 -9999.00 1.93 1.93 1.93 1.93 1.93 1.93 1.93 1.93 1.93 1.87 1.78 1.69 1.61 1.52 1.45 1.45 1.45 1.45 1.45 1.45 1.45 1.45 1.45 1.45 1.45 1.44 1.35 1.26 1.17 1.08 1.00 0.98 0.99 0.99
-9999.00 -9999.00 -9999.00 -9999.00 -9999.00 -9999.00 -9999.00 -9999.00 -9999.00 -9999.00 -9999.00 -9999.00 -9999.00 -9999.00 -9999.00 -9999.00 -9999.00 -9999.00 -9999.00 -9999.00 -9999.00 -9999.00 -9999.00 -9999.00 -9999.00 -9999.00 -9999.00 1.91 1.92 1.93 1.93 1.93 1.93 1.93 1.93 1.93 1.93 1.93 1.93 1.93 1.87 1.78 1.69 1.61 1.52 1.45 1.45 1.45 1.45 1.45 1.45 1.45 1.45 1.45 1.45 1.45 1.44 1.35 1.26 1.17 1.08 1.00 0.98 1.02 1.06
-9999.00 -9999.00 -9999.00 -9999.00 -9999.00 -9999.00 -9999.00 -9999.00 -9999.00 -9999.00 -9999.00 -9999.00 -9999.00 -9999.00 -9999.00 -9999.00 -9999.00 -9999.00 -9999.00 -9999.00 -9999.00 -9999.00 -9999.00 -9999.00 -9999.00 -9999.00 1.91 1.92 1.93 1.93 1.93 1.93 1.93 1.93 1.93 1.93 1.93 1.93 1.93 1.93 1.87 1.78 1.69 1.61 1.52 1.45 1.45 1.45 1.45 1.45 1.45 1.45 1.45 1.45 1.45 1.45 1.44 1.35 1.26 1.17 1.08 1.00 0.98 1.02 1.06
-9999.00 -9999.00 -9999.00 -9999.00 -9999.00 -9999.00 -9999.00 -9999.00 -9999.00 -9999.00 -9999.00 -9999.00 -9999.00 -9999.00 -9999.00 -9999.00 -9999.00 -9999.00 -9999.00 -9999.00 -9999.00 -9999.00 -9999.00 -9999.00 -9999.00 1.91 1.92 1.93 1.93 1.93 1.93 1.93 1.93 1.93 1.93 1.93 1.93 1.93 1.93 1.93 1.87 1.78 1.69 1.61 1.52 1.45 1.45 1.45 1.45 1.45 1.45 1.45 1.45 1.45 1.45 1.45 1.44 1.35 1.26 1.17 1.08 1.00 0.98 1.02 1.06
-9999.00 -9999.00 -9999.00 -9999.00 -9999.00 -9999.00 -9999.00 -9999.00 -9999.00 -9999.00 -9999.00 -9999.00 -9999.00 -9999.00 -9999.00 -9999.00 -9999.00 -9999.00 -9999.00 -9999.00 -9999.00 -9999.00 -9999.00 -9999.00 -9999.00 -9999.00 1.93 1.93 1.93 1.93 1.93 1.93 1.93 1.93 1.93 1.93 1.93 1.93 1.93 1.93 1.87 1.78 1.69 1.61 1.52 1.45 1.45 1.45 1.45 1.45 1.45 1.45 1.45 1.45 1.45 1.45 1.44 1.35 1.26 1.17 1.08 1.00 0.98 1.02 1.06
-9999.00 -9999.00 -9999.00 -9999.00 -9999.00 -9999.00 -9999.00 -9999.00 -9999.00 -9999.00 -9999.00 -9999.00 -9999.00 -9999.00 -9999.00 -9999.00 -9999.00 -9999.00 -9999.00 -9999.00 -9999.00 -9999.00 -9999.00 -9999.00 -9999.00 -9999.00 1.93 1.93 1.93 1.93 1.93 1.93 1.93 1.93 1.93 1.93 1.93 1.93 1.93 1.93 1.87 1.78 1.69 1.61 1.52 1.45 1.45 1.45 1.45 1.45 1.45 1.45 1.45 1.45 1.45 1.45 1.44 1.35 1.26 1.17 1.08 1.00 0.98 1.02 1.06
-9999.00 -9999.00 -9999.00 -9999.00 -9999.00 -9999.00 -9999.00 -9999.00 -9999.00 -9999.00 -9999.00 -9999.00 -9999.00 -9999.00 -9999.00 -9999.00 -9999.00 -9999.00 -9999.00 -9999.00 -9999.00 -9999.00 -9999.00 -9999.00 -9999.00 -9999.00 1.93 1.93 1.93 1.93 1.93 1.93 1.93 1.93 1.93 1.93 1.93 1.93 1.93 1.93 1.87 1.78 1.69 1.61 1.52 1.45 1.45 1.45 1.45 1.45 1.45 1.41 1.36 1.34 1.34 1.34 1.35 1.40 1.44 1.35 1.26 1.18 1.14 1.14 1.16
-9999.00 -9999.00 -9999.00 -9999.00 -9999.00 -9999.00 -9999.00 -9999.00 -9999.00 -9999.00 -9999.00 -9999.00 -9999.00 -9999.00 -9999.00 -9999.00 -9999.00 -9999.00 -9999.00 -9999.00 -9999.00 -9999.00 -9999.00 -9999.00 1.93 1.93 1.93 1.93 1.93 1.93 1.93 1.93 1.93 1.93 1.93 1.93 1.93 1.93 1.93 1.93 1.87 1.78 1.69 1.61 1.52 1.45 1.45 1.45 1.45 1.45 1.45 1.41 1.36 1.31 1.26 1.24 1.25 1.30 1.35 1.40 1.44 1.36 1.32 1.32 1.32
-9999.00 -9999.00 -9999.00 -9999.00 -9999.00 -9999.00 -9999.00 -9999.00 -9999.00 -9999.00 -9999.00 -9999.00 -9999.00 -9999.00 -9999.00 -9999.00 -9999.00 -9999.00 -9999.00 -9999.00 -9999.00 -9999.00 -9999.00 1.93 1.93 1.93 1.93 1.93 1.93 1.93 1.93 1.93 1.93 1.93 1.93 1.93 1.93 1.93 1.93 1.93 1.87 1.78 1.69 1.61 1.52 1.45 1.45 1.45 1.45 1.45 1.45 1.44 1.39 1.34 1.29 1.24 1.19 1.17 1.22 1.27 1.33 1.38 1.42 1.42 1.42
-9999.00 -9999.00 -9999.00 -9999.00 -9999.00 -9999.00 -9999.00 -9999.00 -9999.00 -9999.00 -9999.00 -9999.00 -9999.00 -9999.00 -9999.00 -9999.00 -9999.00 -9999.00 -9999.00 -9999.00 -9999.00 -9999.00 1.93 1.93 1.93 1.93 1.93 1.93 1.93 1.93 1.93 1.93 1.93 1.93 1.93 1.93 1.93 1.93 1.93 1.93 1.87 1.78 1.69 1.61 1.52 1.45 1.45 1.45 1.45 1.45 1.45 1.45 1.45 1.45 1.40 1.34 1.29 1.20 1.11 1.10 1.15 1.20 1.24 1.28 1.31
-9999.00 -9999.00 -9999.00 -9999.00 -9999.00 -9999.00 -9999.00 -9999.00 -9999.00 -9999.00 -9999.00 -9999.00 -9999.00 -9999.00 -9999.00 -9999.00 -9999.00 -9999.00 -9999.00 -9999.00 -9999.00 -9999.00 -9999.00 -9999.00 -9999.00 1.93 1.92 1.93 1.93 1.93 1.93 1.93 1.93 1.93 1.93 1.93 1.93 1.93 1.93 1.93 1.87 1.78 1.69 1.61 1.52 1.45 1.45 1.45 1.45 1.45 1.45 1.45 1.45 1.45 1.45 1.45 1.39 1.30 1.22 1.13 1.04 1.02 1.06 1.10 1.13
-9999.00 -9999.00 -9999.00 -9999.00 -9999.00 -9999.00 -9999.00 -9999.00 -9999.00 -9999.00 -9999.00 -9999.00 -9999.00 -9999.00 -9999.00 -9999.00 -9999.00 -9999.00 -9999.00 -9999.00 -9999.00 -9999.00 -9999.00 -9999.00 1.93 1.91 1.92 1.93 1.93 1.93 1.93 1.93 1.93 1.93 1.91 1.83 1.83 1.83 1.83 1.83 1.90 1.88 1.80 1.71 1.62 1.55 1.55 1.55 1.55 1.55 1.55 1.49 1.45 1.45 1.45 1.45 1.45 1.45 1.36 1.28 1.19 1.10 1.06 1.08 1.12
-9999.00 -9999.00 -9999.00 -9999.00 -9999.00 -9999.00 -9999.00 -9999.00 -9999.00 -9999.00 -9999.00 -9999.00 -9999.00 -9999.00 -9999.00 -9999.00 -9999.00 -9999.00 -9999.00 -9999.00 -9999.00 -9999.00 -9999.00 -9999.00 -9999.00 1.91 -9999.00 -9999.00 1.93 1.93 1.93 1.93 1.93 1.93 1.91 1.82 1.73 1.65 1.65 1.65 1.72 1.81 1.89 1.89 1.80 1.73 1.73 1.73 1.73 1.73 1.73 1.67 1.58 1.50 1.45 1.45 1.45 1.45 1.45 1.45 1.37 1.28 1.24 1.24 1.24
-9999.00 -9999.00 -9999.00 -9999.00 -9999.00 -9999.00 -9999.00 -9999.00 -9999.00 -9999.00 -9999.00 -9999.00 -9999.00 -9999.00 -9999.00 -9999.00 -9999.00 -9999.00 -9999.00 -9999.00 -9999.00 -9999.00 -9999.00 -9999.00 -9999.00 -9999.00 -9999.00 -9999.00 -9999.00 1.93 1.93 1.93 1.93 1.93 1.91 1.82 1.73 1.65 1.56 1.47 1.54 1.63 1.71 1.80 1.89 1.91 1.91 1.91 1.91 1.91 1.91 1.85 1.76 1.67 1.59 1.50 1.45 1.45 1.45 1.45 1.45 1.45 1.42 1.42 1.42
-9999.00 -9999.00 -9999.00 -9999.00 -9999.00 -9999.00 -9999.00 -9999.00 -9999.00 -9999.00 -9999.00 -9999.00 -9999.00 -9999.00 -9999.00 -9999.00 -9999.00 -9999.00 -9999.00 -9999.00 -9999.00 -9999.00 -9999.00 -9999.00 -9999.00 -9999.00 -9999.00 -9999.00 -9999.00 -9999.00 1.93 1.93 1.93 1.93 1.93 1.93 1.89 1.80 1.71 1.62 1.54 1.45 1.54 1.62 1.71 1.80 1.89 1.93 1.93 1.93 1.93 1.93 1.93 1.85 1.77 1.68 1.59 1.50 1.45 1.45 1.45 1.45 1.45 1.45 1.45
-9999.00 -9999.00 -9999.00 -9999.00 -9999.00 -9999.00 -9999.00 -9999.00 -9999.00 -9999.00 -9999.00 -9999.00 -9999.00 -9999.00 -9999.00 -9999.00 -9999.00 -9999.00 -9999.00 -9999.00 -9999.00 -9999.00 -9999.00 -9999.00 -9999.00 -9999.00 -9999.00 -9999.00 -9999.00 -9999.00 1.93 1.93 1.93 1.93 1.93 1.93 1.93 1.93 1.89 1.80 1.71 1.63 1.54 1.45 1.53 1.62 1.71 1.80 1.88 1.93 1.93 1.93 1.93 1.93 1.93 1.86 1.77 1.68 1.59 1.51 1.45 1.45 1.45 1.45 1.45
-9999.00 -9999.00 -9999.00 -9999.00 -9999.00 -9999.00 -9999.00 -9999.00 -9999.00 -9999.00 -9999.00 -9999.00 -9999.00 -9999.00 -9999.00 -9999.00 -9999.00 -9999.00 -9999.00 -9999.00 -9999.00 -9999.00 -9999.00 -9999.00 -9999.00 -9999.00 -9999.00 -9999.00 -9999.00 -9999.00 1.93 1.93 1.93 1.93 1.93 1.93 1.93 1.93 1.93 1.93 1.89 1.81 1.72 1.63 1.54 1.47 1.55 1.64 1.73 1.82 1.91 1.93 1.93 1.93 1.93 1.93 1.92 1.84 1.75 1.66 1.57 1.48 1.47 1.47 1.47
-9999.00 -9999.00 -9999.00 -9999.00 -9999.00 -9999.00 -9999.00 -9999.00 -9999.00 -9999.00 -9999.00 -9999.00 -9999.00 -9999.00 -9999.00 -9999.00 -9999.00 -9999.00 -9999.00 -9999.00 -9999.00 -9999.00 -9999.00 -9999.00 -9999.00 -9999.00 -9999.00 -9999.00 -9999.00 1.93 1.93 1.93 1.93 1.93 1.93 1.93 1.93 1.93 1.93 1.93 1.93 1.93 1.90 1.81 1.72 1.65 1.65 1.65 1.73 1.82 1.91 1.93 1.93 1.93 1.93 1.93 1.92 1.84 1.75 1.66 1.57 1.48 1.50 1.59 1.65
-9999.00 -9999.00 -9999.00 -9999.00 -9999.00 -9999.00 -9999.00 -9999.00 -9999.00 -9999.00 -9999.00 -9999.00 -9999.00 -9999.00 -9999.00 -9999.00 -9999.00 -9999.00 -9999.00 -9999.00 -9999.00 -9999.00 -9999.00 -9999.00 -9999.00 -9999.00 -9999.00 -9999.00 -9999.00 -9999.00 -9999.00 1.93 1.93 1.93 1.93 1.93 1.93 1.93 1.93 1.93 1.93 1.93 1.93 1.93 1.90 1.83 1.83 1.83 1.83 1.83 1.91 1.93 1.93 1.93 1.93 1.93 1.92 1.84 1.75 1.66 1.57 1.48 1.50 1.59 1.67
