d3_test.asc.txt
NCOLS  400
NROWS  400
XLLCORNER  102.250
YLLCORNER  8.650
CELLSIZE  0.03684
NODATA_VALUE  -9999
[rows 58 to 86 of 400, columns 130 to 194 of 400]
1.15 1.11 1.07 1.04 1.04 1.04 1.07 1.11 1.15 1.17 1.17 1.17 1.17 1.17 1.17 1.17 1.17 1.17 1.17 1.17 1.17 1.17 1.17 1.17 1.17 1.17 1.17 1.17 1.17 1.17 1.17 1.17 1.17 1.17 1.17 1.17 1.17 1.17 1.17 1.14 1.10 1.07 1.03 0.99 0.95 0.92 0.89 0.86 0.88 0.91 0.97 1.04 1.11 1.17 1.17 1.17 1.17 1.17 1.17 1.15 1.11 1.07 1.03 1.00 0.96
1.17 1.17 1.15 1.11 1.11 1.11 1.11 1.11 1.15 1.17 1.17 1.17 1.17 1.17 1.17 1.17 1.17 1.17 1.17 1.17 1.17 1.17 1.17 1.17 1.17 1.17 1.17 1.17 1.17 1.17 1.17 1.17 1.17 1.17 1.17 1.17 1.17 1.17 1.17 1.17 1.17 1.14 1.11 1.07 1.03 0.99 0.96 0.92 0.94 0.98 1.01 1.05 1.11 1.17 1.17 1.17 1.17 1.17 1.17 1.15 1.11 1.07 1.03 1.00 0.96
1.17 1.17 1.17 1.17 1.17 1.17 1.17 1.17 1.17 1.17 1.17 1.17 1.17 1.17 1.17 1.17 1.17 1.17 1.17 1.17 1.17 1.17 1.17 1.17 1.17 1.17 1.17 1.17 1.17 1.17 1.17 1.17 1.17 1.17 1.17 1.17 1.17 1.17 1.17 1.17 1.17 1.17 1.17 1.15 1.11 1.07 1.03 0.99 0.99 1.02 1.06 1.10 1.14 1.16 1.15 1.15 1.15 1.15 1.15 1.13 1.09 1.05 1.02 0.98 0.94
1.17 1.17 1.17 1.17 1.17 1.17 1.17 1.17 1.17 1.17 1.17 1.17 1.17 1.17 1.17 1.17 1.17 1.17 1.17 1.17 1.17 1.17 1.17 1.17 1.17 1.17 1.17 1.17 1.17 1.17 1.17 1.17 1.17 1.17 1.17 1.17 1.17 1.17 1.17 1.17 1.17 1.17 1.17 1.17 1.17 1.15 1.11 1.07 1.06 1.06 1.06 1.10 1.14 1.16 1.13 1.09 1.07 1.07 1.07 1.05 1.02 0.99 0.95 0.91 0.88
1.28 1.23 1.18 1.17 1.17 1.17 1.17 1.17 1.17 1.17 1.17 1.17 1.17 1.17 1.17 1.17 1.17 1.17 1.17 1.17 1.17 1.17 1.17 1.17 1.17 1.17 1.17 1.17 1.17 1.17 1.17 1.17 1.17 1.17 1.17 1.17 1.17 1.17 1.17 1.17 1.17 1.17 1.17 1.17 1.17 1.17 1.17 1.15 1.14 1.14 1.14 1.14 1.14 1.16 1.13 1.09 1.05 1.01 0.99 0.97 0.94 0.91 0.88 0.85 0.81
1.32 1.27 1.22 1.17 1.17 1.17 1.17 1.17 1.17 1.17 1.17 1.17 1.17 1.17 1.17 1.17 1.17 1.17 1.17 1.17 1.17 1.17 1.17 1.17 1.17 1.17 1.17 1.17 1.17 1.17 1.17 1.17 1.17 1.17 1.17 1.17 1.17 1.17 1.17 1.17 1.17 1.17 1.17 1.17 1.17 1.17 1.17 1.17 1.20 1.23 1.23 1.23 1.23 1.23 1.23 1.19 1.15 1.12 1.08 1.03 0.99 0.96 0.93 0.90 0.87
1.29 1.27 1.22 1.17 1.17 1.17 1.17 1.17 1.17 1.17 1.17 1.17 1.17 1.17 1.17 1.17 1.17 1.17 1.17 1.17 1.17 1.17 1.17 1.17 1.17 1.17 1.17 1.17 1.17 1.17 1.17 1.17 1.17 1.17 1.17 1.17 1.17 1.17 1.17 1.17 1.17 1.17 1.17 1.17 1.17 1.17 1.17 1.17 1.20 1.25 1.30 1.33 1.33 1.33 1.33 1.33 1.33 1.30 1.26 1.21 1.16 1.11 1.07 1.04 1.01
1.18 1.18 1.18 1.17 1.17 1.17 1.17 1.17 1.17 1.17 1.17 1.17 1.17 1.17 1.17 1.17 1.17 1.17 1.17 1.17 1.17 1.17 1.17 1.17 1.17 1.17 1.17 1.17 1.17 1.17 1.17 1.17 1.17 1.17 1.17 1.17 1.17 1.17 1.17 1.17 1.17 1.17 1.17 1.17 1.17 1.17 1.17 1.17 1.20 1.25 1.30 1.35 1.40 1.43 1.43 1.43 1.43 1.43 1.43 1.39 1.34 1.29 1.24 1.19 1.15
1.17 1.17 1.17 1.17 1.17 1.17 1.17 1.17 1.17 1.17 1.17 1.17 1.17 1.17 1.17 1.17 1.17 1.17 1.17 1.17 1.17 1.17 1.17 1.17 1.17 1.17 1.17 1.17 1.17 1.17 1.17 1.17 1.17 1.17 1.17 1.17 1.17 1.17 1.17 1.17 1.17 1.17 1.17 1.17 1.17 1.17 1.17 1.17 1.17 1.17 1.22 1.27 1.32 1.37 1.42 1.45 1.45 1.45 1.45 1.45 1.45 1.41 1.36 1.31 1.26
1.17 1.17 1.17 1.17 1.17 1.17 1.17 1.17 1.17 1.17 1.17 1.17 1.17 1.17 1.17 1.17 1.17 1.17 1.17 1.17 1.17 1.17 1.17 1.17 1.17 1.17 1.17 1.17 1.17 1.17 1.17 1.17 1.17 1.17 1.17 1.17 1.17 1.17 1.17 1.17 1.17 1.17 1.17 1.17 1.17 1.17 1.17 1.17 1.17 1.17 1.17 1.17 1.21 1.26 1.31 1.36 1.41 1.45 1.45 1.45 1.45 1.45 1.45 1.41 1.36
1.17 1.17 1.17 1.17 1.17 1.17 1.17 1.17 1.17 1.17 1.17 1.17 1.17 1.17 1.17 1.17 1.17 1.17 1.17 1.17 1.17 1.17 1.17 1.17 1.17 1.17 1.17 1.17 1.17 1.17 1.17 1.17 1.17 1.17 1.17 1.17 1.17 1.17 1.17 1.17 1.17 1.17 1.18 1.18 1.18 1.18 1.18 1.18 1.18 1.18 1.18 1.18 1.18 1.18 1.23 1.28 1.33 1.38 1.43 1.45 1.45 1.45 1.45 1.45 1.45
1.17 1.17 1.17 1.17 1.17 1.17 1.17 1.17 1.17 1.17 1.17 1.17 1.17 1.17 1.17 1.17 1.17 1.17 1.17 1.17 1.17 1.17 1.17 1.17 1.17 1.17 1.17 1.17 1.17 1.17 1.17 1.17 1.17 1.17 1.17 1.17 1.17 1.17 1.17 1.17 1.17 1.17 1.18 1.23 1.28 1.29 1.29 1.29 1.29 1.29 1.29 1.29 1.29 1.29 1.29 1.29 1.33 1.38 1.43 1.45 1.45 1.45 1.45 1.45 1.45
1.04 1.11 1.17 1.17 1.17 1.17 1.17 1.17 1.17 1.17 1.17 1.17 1.17 1.17 1.17 1.17 1.17 1.17 1.17 1.17 1.17 1.17 1.17 1.17 1.17 1.17 1.17 1.17 1.17 1.17 1.17 1.17 1.17 1.17 1.17 1.17 1.17 1.17 1.17 1.17 1.17 1.17 1.18 1.23 1.28 1.33 1.38 1.39 1.39 1.39 1.39 1.39 1.39 1.39 1.39 1.39 1.39 1.39 1.43 1.45 1.45 1.45 1.45 1.45 1.45
0.88 0.95 1.02 1.08 1.21 1.21 1.21 1.21 1.21 1.21 1.21 1.21 1.21 1.21 1.21 1.21 1.21 1.21 1.21 1.21 1.18 1.14 1.14 1.14 1.14 1.14 1.17 1.17 1.17 1.17 1.17 1.17 1.17 1.17 1.17 1.17 1.17 1.21 1.21 1.21 1.21 1.21 1.20 1.19 1.24 1.29 1.34 1.39 1.44 1.45 1.45 1.45 1.45 1.45 1.45 1.45 1.45 1.45 1.45 1.45 1.45 1.45 1.45 1.45 1.45
0.72 0.75 0.82 0.89 1.03 1.18 1.32 1.32 1.32 1.32 1.32 1.32 1.32 1.32 1.32 1.32 1.32 1.32 1.32 1.32 1.28 1.19 1.11 1.06 1.06 1.06 1.09 1.13 1.17 1.17 1.17 1.17 1.17 1.17 1.17 1.17 1.17 1.21 1.26 1.31 1.32 1.32 1.31 1.25 1.20 1.18 1.23 1.28 1.33 1.38 1.44 1.45 1.45 1.45 1.45 1.45 1.45 1.45 1.45 1.45 1.45 1.45 1.45 1.45 1.45
-9999.00 -9999.00 -9999.00 0.69 0.84 0.98 1.13 1.28 1.42 1.42 1.42 1.42 1.42 1.42 1.42 1.42 1.42 1.42 1.42 1.42 1.39 1.30 1.21 1.12 1.03 0.98 1.01 1.05 1.09 1.13 1.16 1.17 1.17 1.17 1.17 1.17 1.17 1.21 1.26 1.31 1.36 1.41 1.41 1.36 1.31 1.26 1.21 1.18 1.23 1.28 1.33 1.38 1.43 1.45 1.45 1.45 1.45 1.45 1.45 1.45 1.45 1.45 1.45 1.45 1.45
-9999.00 -9999.00 0.66 0.63 0.87 1.06 1.20 1.35 1.50 1.51 1.37 1.37 1.37 1.37 1.37 1.42 1.45 1.45 1.45 1.45 1.45 1.45 1.37 1.28 1.19 1.10 1.01 0.97 1.01 1.05 1.09 1.14 1.23 1.24 1.24 1.24 1.24 1.24 1.26 1.31 1.36 1.41 1.45 1.45 1.41 1.36 1.31 1.26 1.24 1.25 1.30 1.35 1.40 1.45 1.45 1.45 1.45 1.45 1.45 1.45 1.45 1.45 1.45 1.45 1.45
0.72 0.69 0.66 0.63 0.87 1.10 1.34 1.53 1.68 1.69 1.55 1.42 1.28 1.27 1.27 1.32 1.37 1.42 1.45 1.45 1.45 1.45 1.45 1.45 1.37 1.28 1.19 1.11 1.02 0.97 1.01 1.06 1.15 1.24 1.33 1.34 1.34 1.34 1.34 1.34 1.36 1.41 1.45 1.45 1.45 1.45 1.41 1.36 1.34 1.34 1.34 1.35 1.40 1.45 1.45 1.45 1.45 1.45 1.45 1.45 1.45 1.45 1.45 1.45 1.45
0.72 0.69 0.66 0.63 0.87 1.10 1.34 1.57 1.81 1.87 1.73 1.59 1.46 1.32 1.18 1.22 1.27 1.32 1.37 1.42 1.45 1.45 1.45 1.45 1.45 1.45 1.37 1.29 1.20 1.11 1.02 0.99 1.07 1.16 1.25 1.34 1.43 1.45 1.45 1.45 1.45 1.45 1.45 1.45 1.45 1.45 1.45 1.45 1.45 1.45 1.45 1.45 1.45 1.45 1.45 1.45 1.45 1.45 1.45 1.45 1.45 1.45 1.45 1.45 1.45
0.72 0.69 0.73 0.76 0.79 0.83 1.06 1.29 1.53 1.72 1.85 1.88 1.74 1.60 1.46 1.37 1.28 1.32 1.37 1.42 1.45 1.45 1.45 1.45 1.45 1.45 1.45 1.45 1.38 1.29 1.20 1.14 1.14 1.16 1.25 1.34 1.43 1.41 1.36 1.34 1.34 1.34 1.37 1.51 1.63 1.63 1.63 1.63 1.57 1.48 1.45 1.45 1.45 1.46 1.55 1.63 1.63 1.63 1.63 1.63 1.63 1.63 1.63 1.63 1.63
0.78 0.82 0.85 0.89 0.92 0.96 0.99 1.03 1.24 1.43 1.57 1.71 1.85 1.88 1.74 1.65 1.56 1.48 1.39 1.42 1.45 1.45 1.45 1.45 1.45 1.45 1.45 1.45 1.45 1.45 1.38 1.32 1.32 1.32 1.32 1.34 1.43 1.41 1.36 1.31 1.26 1.24 1.27 1.41 1.55 1.69 1.81 1.81 1.75 1.66 1.57 1.48 1.45 1.46 1.55 1.63 1.72 1.81 1.81 1.81 1.81 1.81 1.81 1.81 1.81
0.87 0.91 -9999.00 -9999.00 -9999.00 1.04 1.08 1.11 1.15 1.20 1.32 1.46 1.60 1.73 1.87 1.85 1.77 1.68 1.59 1.50 1.48 1.50 1.50 1.50 1.50 1.50 1.50 1.50 1.50 1.50 1.50 1.50 1.50 1.50 1.50 1.50 1.50 1.44 1.39 1.34 1.29 1.24 1.20 1.28 1.42 1.56 1.70 1.84 1.88 1.79 1.70 1.61 1.52 1.46 1.55 1.63 1.72 1.81 1.90 1.93 1.93 1.93 1.93 1.93 1.93
-9999.00 -9999.00 -9999.00 -9999.00 -9999.00 -9999.00 -9999.00 1.17 1.25 1.30 1.30 1.30 1.42 1.55 1.69 1.70 1.70 1.68 1.59 1.50 1.48 1.57 1.66 1.68 1.68 1.68 1.68 1.68 1.68 1.68 1.68 1.68 1.68 1.68 1.68 1.68 1.68 1.61 1.52 1.44 1.39 1.34 1.30 1.30 1.30 1.38 1.52 1.66 1.70 1.70 1.70 1.61 1.52 1.46 1.55 1.63 1.72 1.81 1.90 1.93 1.93 1.93 1.93 1.93 1.93
-9999.00 -9999.00 0.93 0.96 1.00 1.09 1.18 1.27 1.36 1.40 1.40 1.40 1.40 1.40 1.51 1.52 1.52 1.52 1.52 1.50 1.48 1.57 1.66 1.74 1.83 1.86 1.86 1.86 1.86 1.86 1.86 1.86 1.86 1.86 1.86 1.86 1.86 1.79 1.70 1.62 1.53 1.44 1.40 1.40 1.40 1.40 1.40 1.48 1.52 1.52 1.52 1.52 1.52 1.46 1.55 1.63 1.72 1.81 1.90 1.93 1.93 1.93 1.93 1.93 1.93
-9999.00 -9999.00 1.09 1.06 1.15 1.24 1.33 1.41 1.50 1.55 1.55 1.55 1.55 1.55 1.55 1.55 1.55 1.55 1.55 1.55 1.55 1.57 1.66 1.74 1.83 1.92 1.93 1.93 1.93 1.93 1.93 1.93 1.93 1.93 1.93 1.93 1.93 1.93 1.88 1.80 1.71 1.62 1.55 1.55 1.55 1.55 1.55 1.55 1.49 1.45 1.45 1.45 1.45 1.45 1.45 1.53 1.62 1.71 1.80 1.83 1.83 1.83 1.83 1.83 1.83
-9999.00 -9999.00 1.27 1.24 1.33 1.42 1.51 1.59 1.68 1.73 1.73 1.73 1.73 1.73 1.73 1.73 1.73 1.73 1.73 1.73 1.73 1.73 1.73 1.74 1.83 1.92 1.93 1.93 1.93 1.93 1.93 1.93 1.93 1.93 1.93 1.93 1.93 1.93 1.93 1.93 1.89 1.80 1.73 1.73 1.73 1.73 1.73 1.73 1.67 1.58 1.50 1.45 1.45 1.45 1.45 1.45 1.45 1.53 1.62 1.65 1.65 1.65 1.65 1.65 1.65
-9999.00 1.38 1.41 1.42 1.51 1.60 1.69 1.77 1.86 1.91 1.91 1.91 1.91 1.91 1.91 1.91 1.91 1.91 1.91 1.91 1.91 1.91 1.91 1.91 1.91 1.92 1.93 1.93 1.93 1.93 1.93 1.93 1.93 1.93 1.93 1.93 1.93 1.93 1.93 1.93 1.93 1.93 1.91 1.91 1.91 1.91 1.91 1.91 1.85 1.76 1.67 1.59 1.50 1.45 1.45 1.45 1.45 1.45 1.45 1.47 1.47 1.47 1.47 1.47 1.47
-9999.00 -9999.00 -9999.00 -9999.00 -9999.00 1.51 1.57 1.65 1.73 1.82 1.91 1.93 1.93 1.93 1.93 1.93 1.93 1.93 1.93 1.93 1.93 1.93 1.93 1.93 1.93 1.93 1.93 1.93 1.93 1.93 1.93 1.91 1.82 1.78 1.78 1.78 1.78 1.78 1.78 1.78 1.78 1.78 1.78 1.78 1.78 1.78 1.78 1.78 1.78 1.78 1.70 1.61 1.52 1.45 1.45 1.45 1.45 1.45 1.45 1.45 1.45 1.45 1.45 1.45 1.45
-9999.00 -9999.00 -9999.00 -9999.00 -9999.00 -9999.00 -9999.00 -9999.00 -9999.00 -9999.00 -9999.00 -9999.00 1.91 1.93 1.93 1.93 1.93 1.93 1.93 1.93 1.93 1.93 1.93 1.93 1.93 1.93 1.93 1.93 1.93 1.93 1.93 1.91 1.82 1.73 1.65 1.60 1.60 1.60 1.60 1.60 1.60 1.60 1.60 1.60 1.60 1.60 1.60 1.60 1.60 1.60 1.60 1.60 1.52 1.45 1.45 1.45 1.45 1.45 1.45 1.45 1.45 1.45 1.45 1.45 1.45
