vietnam.asc
ncols  240
nrows  491
xllcorner  102.250
yllcorner  8.650
cellsize  0.03000
NODATA_value  -9999
[rows 0 to 32 of 491, columns 74 to 147 of 240]
-9999 -9999 -9999 -9999 -9999 -9999 -9999 -9999 -9999 -9999 -9999 -9999 -9999 -9999 -9999 -9999 -9999 -9999 -9999 -9999 -9999 -9999 -9999 -9999 -9999 -9999 -9999 -9999 -9999 -9999 -9999 -9999 -9999 -9999 -9999 -9999 -9999 -9999 -9999 -9999 -9999 -9999 -9999 -9999 -9999 -9999 -9999 -9999 -9999 -9999 -9999 -9999 -9999 -9999 -9999 -9999 -9999 -9999 -9999 -9999 -9999 -9999 -9999 -9999 -9999 -9999 -9999 -9999 -9999 -9999 -9999 -9999 -9999 -9999
-9999 -9999 -9999 -9999 -9999 -9999 -9999 -9999 -9999 -9999 -9999 -9999 -9999 -9999 -9999 -9999 -9999 -9999 -9999 -9999 -9999 -9999 -9999 -9999 -9999 -9999 -9999 1.065540 1.106193 1.008636 1.001689 -9999 -9999 -9999 -9999 -9999 -9999 -9999 -9999 -9999 -9999 -9999 -9999 -9999 -9999 -9999 -9999 -9999 -9999 -9999 -9999 -9999 -9999 -9999 -9999 -9999 -9999 -9999 -9999 -9999 -9999 -9999 -9999 -9999 -9999 -9999 -9999 -9999 -9999 -9999 -9999 -9999 -9999 -9999
-9999 -9999 -9999 -9999 -9999 -9999 -9999 -9999 -9999 -9999 -9999 -9999 -9999 -9999 -9999 -9999 -9999 -9999 -9999 -9999 -9999 -9999 -9999 -9999 -9999 -9999 1.252514 1.252514 1.154959 1.008636 1.001689 1.064414 1.053954 -9999 -9999 -9999 -9999 -9999 -9999 -9999 -9999 -9999 -9999 -9999 -9999 -9999 -9999 -9999 -9999 -9999 -9999 -9999 -9999 -9999 -9999 -9999 -9999 -9999 -9999 -9999 -9999 -9999 -9999 -9999 -9999 -9999 -9999 -9999 -9999 -9999 -9999 -9999 -9999 -9999
-9999 -9999 -9999 -9999 -9999 -9999 -9999 -9999 -9999 -9999 -9999 -9999 -9999 -9999 -9999 -9999 -9999 -9999 -9999 -9999 -9999 1.114208 -9999 1.358172 1.398834 1.398834 1.398834 1.301283 1.154959 1.008636 1.001689 1.064414 1.127139 1.116677 -9999 -9999 -9999 -9999 -9999 -9999 -9999 -9999 -9999 -9999 -9999 -9999 -9999 -9999 -9999 -9999 -9999 -9999 -9999 -9999 -9999 -9999 -9999 -9999 -9999 -9999 -9999 -9999 -9999 -9999 -9999 -9999 -9999 -9999 -9999 -9999 -9999 -9999 -9999 -9999
-9999 -9999 -9999 -9999 -9999 -9999 -9999 -9999 -9999 -9999 -9999 -9999 -9999 -9999 -9999 -9999 -9999 -9999 -9999 1.260524 1.382506 1.399111 1.391874 1.350057 1.350057 1.350057 1.350057 1.343099 1.196776 1.050453 1.001689 1.064414 1.127139 1.168949 1.168949 -9999 -9999 -9999 -9999 -9999 -9999 -9999 -9999 -9999 -9999 -9999 -9999 -9999 -9999 -9999 -9999 -9999 -9999 -9999 -9999 -9999 -9999 -9999 -9999 -9999 -9999 -9999 -9999 -9999 -9999 -9999 -9999 -9999 -9999 -9999 -9999 -9999 -9999 -9999
-9999 -9999 -9999 -9999 -9999 -9999 -9999 -9999 -9999 -9999 -9999 -9999 -9999 -9999 -9999 -9999 -9999 1.358940 1.337227 1.315514 1.308277 1.308277 1.245556 1.203737 1.203737 1.203737 1.203737 1.266461 1.259500 1.113176 1.064409 1.064414 1.127139 1.168949 1.168949 -9999 -9999 -9999 -9999 -9999 -9999 -9999 -9999 -9999 -9999 -9999 -9999 -9999 -9999 -9999 -9999 -9999 -9999 -9999 -9999 -9999 -9999 -9999 -9999 -9999 -9999 -9999 -9999 -9999 -9999 -9999 -9999 -9999 -9999 -9999 -9999 -9999 -9999 -9999
-9999 -9999 -9999 -9999 -9999 -9999 -9999 -9999 -9999 -9999 -9999 -9999 -9999 -9999 1.297056 1.275343 1.253629 1.231916 1.224680 1.224680 1.224680 1.161961 1.099236 1.057416 1.057416 1.057416 1.057416 1.120141 1.182866 1.175900 1.127133 1.127133 1.127139 1.168949 1.168949 1.168949 1.168949 -9999 -9999 -9999 -9999 -9999 -9999 -9999 -9999 -9999 -9999 -9999 -9999 -9999 -9999 -9999 -9999 -9999 -9999 -9999 -9999 -9999 -9999 -9999 -9999 -9999 -9999 -9999 -9999 -9999 -9999 -9999 -9999 -9999 -9999 -9999 -9999 -9999
-9999 -9999 -9999 -9999 -9999 -9999 -9999 -9999 -9999 -9999 -9999 -9999 -9999 -9999 1.170032 1.162689 1.168949 1.168949 1.168949 1.168949 1.148047 1.085322 1.022597 0.959872 0.959869 0.959869 0.959869 1.001686 1.064411 1.127136 1.168949 1.168949 1.168949 1.168949 1.168949 1.168949 1.168949 1.168949 -9999 -9999 -9999 -9999 -9999 -9999 -9999 -9999 -9999 -9999 -9999 -9999 -9999 -9999 -9999 -9999 -9999 -9999 -9999 -9999 -9999 -9999 -9999 -9999 -9999 -9999 -9999 -9999 -9999 -9999 -9999 -9999 -9999 -9999 -9999 -9999
-9999 -9999 -9999 -9999 -9999 -9999 -9999 -9999 -9999 -9999 -9999 -9999 1.143896 1.183588 1.182880 1.168949 1.168949 1.168949 1.168949 1.168949 1.168949 1.148045 1.085320 1.022595 0.959870 0.959869 0.959869 0.959869 1.001687 1.064412 1.127137 1.168949 1.168949 1.168949 1.168949 1.168949 1.168949 -9999 -9999 -9999 -9999 -9999 -9999 -9999 -9999 -9999 -9999 -9999 -9999 -9999 -9999 -9999 -9999 -9999 -9999 -9999 -9999 -9999 -9999 -9999 -9999 -9999 -9999 -9999 -9999 -9999 -9999 -9999 -9999 -9999 -9999 -9999 -9999 -9999
-9999 -9999 -9999 -9999 -9999 -9999 -9999 -9999 -9999 -9999 -9999 -9999 1.203779 1.182880 1.168949 1.168949 1.168949 1.168949 1.168949 1.168949 1.168949 1.168949 1.148044 1.085319 1.022594 0.959869 0.959869 0.959869 0.959869 1.001688 1.064413 1.127138 1.168949 1.168949 1.168949 1.168949 1.168949 -9999 -9999 1.168949 -9999 -9999 -9999 -9999 -9999 -9999 -9999 -9999 -9999 -9999 -9999 -9999 -9999 -9999 -9999 -9999 -9999 -9999 -9999 -9999 -9999 -9999 -9999 -9999 -9999 -9999 -9999 -9999 -9999 -9999 -9999 -9999 -9999 -9999
-9999 -9999 -9999 -9999 -9999 -9999 -9999 -9999 -9999 -9999 -9999 -9999 1.182881 1.168949 1.168949 1.168949 1.168949 1.168949 1.168949 1.168949 1.168949 1.168949 1.168949 1.148043 1.085318 1.022593 0.959869 0.959869 0.959869 0.959869 1.001689 1.064414 1.127139 1.168949 1.168949 1.168949 1.168949 1.168949 1.168949 1.168949 1.168949 1.168949 1.168949 -9999 -9999 -9999 -9999 -9999 -9999 -9999 -9999 -9999 -9999 -9999 -9999 -9999 -9999 -9999 -9999 -9999 -9999 -9999 -9999 -9999 -9999 -9999 -9999 -9999 -9999 -9999 -9999 -9999 -9999 -9999
-9999 -9999 -9999 -9999 -9999 -9999 -9999 -9999 -9999 -9999 -9999 -9999 1.178235 1.168949 1.168949 1.168949 1.168949 1.168949 1.168949 1.168949 1.168949 1.168949 1.168949 1.148044 1.085319 1.022594 0.959869 1.022593 1.022593 1.022593 1.022593 1.064414 1.127139 1.168949 1.168949 1.168949 1.168949 1.168949 1.168949 1.168949 1.168949 1.168949 1.168949 1.168949 -9999 -9999 -9999 -9999 -9999 -9999 -9999 -9999 -9999 -9999 -9999 -9999 -9999 -9999 -9999 -9999 -9999 -9999 -9999 -9999 -9999 -9999 -9999 -9999 -9999 -9999 -9999 -9999 -9999 -9999
-9999 -9999 -9999 -9999 -9999 -9999 -9999 -9999 -9999 -9999 -9999 -9999 -9999 1.168949 1.168949 1.168949 1.168949 1.168949 1.168949 1.168949 1.168949 1.168949 1.168949 1.148044 1.085319 1.022594 0.959869 1.022594 1.085318 1.085318 1.085318 1.085318 1.127139 1.168949 1.168949 1.168949 1.168949 1.168949 1.168949 1.168949 1.168949 1.168949 1.168949 1.168949 1.168949 1.168949 -9999 -9999 -9999 -9999 -9999 -9999 1.168949 1.163727 1.144557 -9999 1.134103 -9999 -9999 -9999 -9999 -9999 -9999 -9999 -9999 -9999 -9999 -9999 -9999 -9999 -9999 -9999 -9999 -9999
-9999 -9999 -9999 -9999 -9999 -9999 -9999 -9999 -9999 -9999 -9999 -9999 -9999 1.168949 1.168949 1.168949 1.168949 1.168949 1.168949 1.168949 1.168949 1.168949 1.168949 1.148044 1.085319 1.022594 0.959869 1.022594 1.085319 1.148043 1.148043 1.148043 1.148043 1.168949 1.168949 1.168949 1.168949 1.168949 1.168949 1.168949 1.168949 1.168949 1.168949 1.168949 1.168949 1.168949 1.168949 -9999 -9999 -9999 -9999 -9999 1.168949 1.168949 1.168949 1.168949 1.160238 1.155011 1.149784 -9999 -9999 -9999 -9999 -9999 -9999 -9999 -9999 -9999 -9999 -9999 -9999 -9999 -9999 -9999
-9999 -9999 -9999 -9999 -9999 -9999 -9999 -9999 -9999 -9999 -9999 -9999 -9999 1.168949 1.168949 1.168949 1.168949 1.168949 1.168949 1.168949 1.168949 1.168949 1.168949 1.148044 1.085319 1.022594 0.959869 1.022594 1.085319 1.148044 1.127131 1.127131 1.127131 1.127131 1.127131 1.127131 1.127131 1.168949 1.168949 1.168949 1.168949 1.168949 1.168949 1.168949 1.168949 1.168949 1.168949 -9999 1.168949 1.168949 1.168949 1.168949 1.168949 1.168949 1.168949 1.168949 1.168949 1.168949 1.168949 1.168949 -9999 -9999 -9999 -9999 -9999 -9999 -9999 -9999 -9999 -9999 -9999 -9999 -9999 -9999
-9999 -9999 -9999 -9999 -9999 -9999 -9999 -9999 -9999 -9999 -9999 1.168949 1.168949 1.168949 1.168949 1.168949 1.168949 1.168949 1.168949 1.168949 1.168949 1.168949 1.168949 1.148044 1.085319 1.022594 0.959869 1.022594 1.085319 1.148044 1.127129 1.064407 1.064407 1.064407 1.064407 1.064407 1.064407 1.127125 1.168949 1.168949 1.168949 1.168949 1.168949 1.168949 1.168949 1.168949 1.168949 1.168949 1.168949 1.168949 1.168949 1.168949 1.168949 1.168949 1.168949 1.168949 1.168949 1.168949 1.168949 1.168949 1.168949 -9999 -9999 -9999 -9999 -9999 1.160238 1.155011 1.149784 -9999 -9999 -9999 -9999 -9999
-9999 -9999 -9999 -9999 -9999 -9999 -9999 -9999 -9999 -9999 1.168949 1.168949 1.168949 1.168949 1.168949 1.168949 1.168949 1.168949 1.168949 1.168949 1.168949 1.168949 1.168949 1.148044 1.085319 1.022594 0.959869 1.022594 1.085319 1.148044 1.127129 1.064404 1.001683 1.001683 1.001683 1.001683 1.001683 1.064402 1.127127 1.168949 1.168949 1.168949 1.168949 1.168949 1.168949 1.168949 1.168949 1.168949 1.168949 1.168949 1.168949 1.168949 1.168949 1.168949 1.168949 1.168949 1.168949 1.168949 1.168949 1.168949 1.168949 1.168949 1.168949 -9999 1.168949 1.168949 1.168949 1.168949 1.168949 1.168949 1.165465 -9999 -9999 -9999
-9999 -9999 -9999 1.364009 1.364009 -9999 -9999 -9999 -9999 1.168949 1.168949 1.168949 1.168949 1.168949 1.168949 1.168949 1.168949 1.168949 1.168949 1.168949 1.168949 1.168949 1.168949 1.148044 1.085319 1.022594 0.959869 1.022594 1.085319 1.148044 1.148039 1.085314 1.022589 0.959869 0.959869 0.959869 0.959869 1.001678 1.064403 1.127128 1.168949 1.168949 1.168949 1.168949 1.168949 1.168949 1.168949 1.168949 1.168949 1.168949 1.168949 1.168949 1.168949 1.168949 1.168949 1.168949 1.168949 1.168949 1.168949 1.168949 1.168949 1.168949 1.168949 1.168949 1.168949 1.168949 1.168949 1.168949 1.168949 1.168949 1.168949 1.168949 1.168949 1.168949
-9999 -9999 1.391875 1.391875 1.391875 1.373301 1.317568 1.252547 1.168949 1.168949 1.168949 1.168949 1.168949 1.168949 1.168949 1.168949 1.168949 1.168949 1.168949 1.168949 1.168949 1.168949 1.168949 1.148044 1.085319 1.022594 0.959869 1.022594 1.085319 1.148044 1.168949 1.148037 1.085312 1.022589 0.959869 0.959869 0.959869 0.959869 1.001679 1.064404 1.127129 1.168949 1.168949 1.168949 1.168949 1.168949 1.168949 1.168949 1.168949 1.168949 1.168949 1.168949 1.168949 1.168949 1.168949 1.168949 1.168949 1.168949 1.168949 1.168949 1.168949 1.168949 1.168949 1.168949 1.168949 1.168949 1.168949 1.168949 1.168949 1.168949 1.168949 1.168949 1.168949 1.168949
-9999 1.419741 1.419741 1.419741 1.401167 1.336147 1.252549 1.168950 1.168949 1.168949 1.168949 1.168949 1.168949 1.168949 1.168949 1.168949 1.168949 1.168949 1.168949 1.168949 1.168949 1.168949 1.168949 1.148044 1.085319 1.022594 0.959869 1.022594 1.085319 1.148044 1.168949 1.168949 1.148036 1.085313 1.022593 0.959872 0.959869 0.959869 0.959869 1.001680 1.064405 1.127130 1.168949 1.168949 1.168949 1.168949 1.168949 1.168949 1.168949 1.168949 1.168949 1.168949 1.168949 1.168949 1.168949 1.168949 1.168949 1.168949 1.168949 1.168949 1.168949 1.168949 1.168949 1.168949 1.168949 1.168949 1.168949 1.168949 1.168949 1.168949 1.168949 1.168949 1.168949 1.168949
1.447606 1.447606 1.447606 1.419748 1.336150 1.252552 1.168953 1.168949 1.168949 1.168949 1.168949 1.168949 1.168949 1.168949 1.168949 1.168949 1.168948 1.168948 1.168948 1.168948 1.168948 1.168948 1.168948 1.148045 1.085320 1.022595 0.959870 1.022593 1.085318 1.148043 1.168948 1.168948 1.168948 1.148036 1.085316 1.022595 0.959875 0.959869 0.959869 0.959869 1.001682 1.064407 1.127132 1.168948 1.168948 1.168948 1.168949 1.168949 1.168949 1.168949 1.168949 1.168949 1.168949 1.168949 1.168949 1.168949 1.168949 1.168949 1.168949 1.168949 1.168949 1.168949 1.168949 1.168949 1.168949 1.168949 1.168949 1.168949 1.168949 1.168949 1.168949 1.168949 1.168949 1.168949
1.447606 1.447606 1.447606 1.419748 1.336150 1.252552 1.168953 1.168949 1.168949 1.168949 1.168949 1.168949 1.168949 1.168949 1.168949 1.168949 1.168942 1.106224 1.106224 1.106224 1.106224 1.106224 1.106224 1.127129 1.148043 1.085318 1.022593 0.959869 1.022594 1.085319 1.106224 1.106224 1.106224 1.106224 1.085316 1.022595 0.959875 0.959869 0.959869 0.959869 1.001682 1.064407 1.127132 1.148041 1.106224 1.106224 1.106227 1.168949 1.168949 1.168949 1.168949 1.168949 1.168949 1.168949 1.168949 1.168949 1.168949 1.168949 1.168949 1.168949 1.168949 1.168949 1.168949 1.168949 1.168949 1.168949 1.168949 1.168949 1.168949 1.168949 1.168949 1.168949 1.168949 1.168949
1.447606 1.447606 1.447606 1.419748 1.336150 1.252552 1.168953 1.168949 1.168949 1.168949 1.168949 1.168949 1.168949 1.168949 1.168949 1.168949 1.168942 1.106222 1.043502 1.043501 1.043501 1.043501 1.043501 1.064406 1.127131 1.148042 1.085317 1.022592 0.959870 1.022595 1.043501 1.043501 1.043501 1.043501 1.043501 1.022595 0.959875 0.959869 0.959869 0.959869 1.001682 1.064407 1.127132 1.148041 1.085316 1.043501 1.043504 1.106229 1.168949 1.168949 1.168949 1.168949 1.168949 1.168949 1.168949 1.168949 1.168949 1.168949 1.168949 1.168949 1.168949 1.168949 1.168949 1.168949 1.168949 1.168949 1.168949 1.168949 1.168949 1.168949 1.168949 1.168949 1.168949 1.168949
1.447606 1.447606 1.447606 1.419748 1.336150 1.252552 1.168953 1.168949 1.168949 1.168949 1.168949 1.168949 1.168949 1.168949 1.168949 1.168949 1.168942 1.106222 1.043502 0.980782 0.980777 0.980777 0.980777 1.001682 1.064407 1.127132 1.148041 1.085316 1.022591 0.959872 0.980777 0.980777 0.980777 0.980777 0.980777 0.980777 0.959875 0.959869 0.959869 0.959869 1.001682 1.064407 1.127132 1.148041 1.085316 1.022591 0.980780 1.043505 1.106230 1.168949 1.168949 1.168949 1.168949 1.168949 1.168949 1.168949 1.168949 1.168949 1.168949 1.168949 1.168949 1.168949 1.168949 1.168949 1.168949 1.168949 1.168949 1.168949 1.168949 1.168949 1.168949 1.168949 1.168949 1.168949
1.447606 1.447606 1.447606 1.419748 1.336150 1.252552 1.168953 1.168949 1.168949 1.168949 1.168949 1.168949 1.168949 1.168949 1.168949 1.168949 1.168942 1.106222 1.043502 0.980782 0.959869 0.959869 0.959869 0.980774 1.043499 1.106224 1.168949 1.106224 1.043499 0.980774 0.959869 0.959869 0.959869 0.959869 0.959869 0.959869 0.959869 0.959869 0.959869 0.959869 1.001682 1.064407 1.127132 1.148041 1.085316 1.022591 0.959872 1.022597 1.085322 1.148047 1.127133 1.127133 1.127133 1.127133 1.127133 1.127133 1.127133 1.127133 1.127133 1.127133 1.168949 1.168949 1.168949 1.168949 1.168949 1.168949 1.168949 1.168949 1.168949 1.168949 1.168949 1.168949 1.168949 1.168949
1.447606 1.447606 1.447606 1.419748 1.336150 1.252552 1.168953 1.168949 1.168949 1.168949 1.168949 1.168949 1.168949 1.168949 1.168949 1.168949 1.168942 1.106222 1.043502 0.980782 0.959869 0.959869 0.959869 0.980774 1.043499 1.106224 1.168949 1.106224 1.043499 0.980774 0.959869 0.959869 0.959869 0.959869 0.959869 0.959869 0.959869 0.959869 0.959869 0.959869 1.001682 1.064407 1.127132 1.148041 1.085316 1.022591 0.959872 1.022597 1.085322 1.148047 1.127129 1.064409 1.064409 1.064409 1.064409 1.064409 1.064409 1.064409 1.064409 1.064409 1.106226 1.168949 1.168949 1.168949 1.168949 1.168949 1.168949 1.168949 1.168949 1.168949 1.168949 1.168949 -9999 1.168949
1.447606 1.447606 1.447606 1.419748 1.336150 1.252552 1.168953 1.168949 1.168949 1.168949 1.168949 1.168949 1.168949 1.168949 1.168949 1.168949 1.168942 1.106222 1.043502 0.980782 0.959869 0.959869 0.959869 0.980774 1.043499 1.106224 1.168949 1.106224 1.043499 0.980774 0.959869 0.959869 0.959869 0.959869 0.959869 0.959869 0.959869 0.959869 0.959869 0.959869 1.001682 1.064407 1.127132 1.148041 1.085316 1.022591 0.959872 1.022597 1.085322 1.148047 1.127129 1.064409 1.001689 1.001686 1.001686 1.001686 1.001686 1.001686 1.001686 1.001686 1.043502 1.106227 1.168949 1.168949 1.168949 1.168949 1.168949 1.168949 1.168949 1.168949 1.168949 1.168949 -9999 -9999
1.447606 1.447606 1.447606 1.419748 1.336150 1.252552 1.168953 1.168949 1.168949 1.168949 1.168949 1.168949 1.168949 1.168949 1.168949 1.168949 1.168949 1.127130 1.064410 1.001689 0.980776 0.980776 0.980776 0.980776 1.043499 1.106224 1.168949 1.127131 1.064406 1.001682 0.980776 0.980776 0.980776 0.959869 0.959869 0.959869 0.959869 0.959869 0.959869 0.959869 0.980775 1.043500 1.106225 1.148041 1.085316 1.022591 0.959872 1.022597 1.085322 1.148047 1.148037 1.085316 1.022596 0.980776 0.980776 0.980776 0.980776 0.980776 0.980776 0.980776 1.001686 1.064410 1.127135 1.168949 1.168949 1.168949 1.168949 1.168949 1.168949 1.168949 1.168949 -9999 -9999 -9999
1.447606 1.447606 1.447606 1.419748 1.336150 1.252552 1.168953 1.168949 1.168949 1.168949 1.168949 1.168949 1.168949 1.168949 1.168949 1.168949 1.168949 1.168949 1.127135 1.064414 1.043501 1.043501 1.043501 1.043501 1.043501 1.106224 1.168949 1.168949 1.127131 1.064406 1.043501 1.043501 1.043501 1.022588 0.959869 0.959869 0.959869 0.959869 0.959869 0.959869 0.959869 0.980775 1.043500 1.085316 1.085316 1.022591 0.959872 1.022597 1.085322 1.148047 1.168949 1.148041 1.085321 1.043501 1.043501 1.043501 1.043501 1.043501 1.043501 1.043501 1.043501 1.064410 1.127135 1.168949 1.168949 1.168949 1.168949 1.168949 1.168949 1.168949 1.168949 -9999 -9999 -9999
1.447606 1.447606 1.447606 1.419748 1.336150 1.252552 1.168953 1.168949 1.168949 1.168949 1.168949 1.168949 1.168949 1.168949 1.168949 1.168949 1.168949 1.168949 1.168949 1.127139 1.106226 1.106226 1.106226 1.106226 1.106226 1.106226 1.168949 1.168949 1.168949 1.127131 1.106226 1.106226 1.106226 1.085313 1.022593 0.959873 0.959869 0.959869 0.959869 0.959869 0.959869 0.959869 0.980775 1.022591 1.022591 1.022591 0.959872 1.022597 1.085322 1.148047 1.168949 1.168949 1.148046 1.106226 1.106226 1.106226 1.106226 1.106226 1.106226 1.106226 1.106226 1.106226 1.127135 1.168949 1.168949 1.168949 1.168949 1.168949 1.168949 1.168949 1.168949 -9999 -9999 -9999
1.447606 1.447606 1.447606 1.419752 1.336153 1.252555 1.168956 1.168949 1.168949 1.168949 1.168949 1.168949 1.168949 1.168949 1.168949 1.168949 1.168949 1.168949 1.168949 1.168949 1.168949 1.168949 1.168949 1.168949 1.168949 1.168949 1.168949 1.168949 1.168949 1.168949 1.168949 1.168949 1.168949 1.148036 1.085316 1.022595 0.959875 0.959869 0.959869 0.959869 0.959869 0.959869 0.959869 0.959871 0.959871 0.959871 0.959872 1.022597 1.085322 1.148047 1.168949 1.168949 1.168949 1.168949 1.168949 1.168949 1.168949 1.168949 1.168949 1.168949 1.168949 1.168949 1.168949 1.168949 1.168949 1.168949 1.168949 1.168949 1.168949 1.168949 -9999 -9999 -9999 -9999
1.447606 1.447606 1.447606 1.447606 1.419750 1.336152 1.252553 1.168955 1.168949 1.168949 1.168949 1.168949 1.168949 1.168949 1.168949 1.168949 1.168949 1.168949 1.168949 1.168949 1.168949 1.168949 1.168949 1.168949 1.168949 1.168949 1.168949 1.168949 1.168949 1.168949 1.168949 1.168949 1.168949 1.148036 1.085316 1.022595 0.959875 0.959869 0.959869 0.959869 0.959869 0.959869 0.959869 0.980777 1.022595 1.022595 1.022595 1.022597 1.085322 1.148047 1.168949 1.168949 1.168949 1.168949 1.168949 1.168949 1.168949 1.168949 1.168949 1.168949 1.168949 1.168949 1.168949 1.168949 1.168949 1.168949 1.168949 1.168949 1.168949 1.168949 -9999 -9999 -9999 -9999
1.447606 1.447606 1.447606 1.447606 1.447606 1.419748 1.336150 1.252552 1.168953 1.168949 1.168949 1.168949 1.168949 1.168949 1.168949 1.168949 1.168949 1.168949 1.168949 1.168949 1.168949 1.168949 1.168949 1.168949 1.168949 1.168949 1.168949 1.168949 1.168949 1.168949 1.168949 1.168949 1.168949 1.148036 1.085316 1.022595 0.959875 0.959869 0.959869 0.959869 0.959869 0.959869 0.959869 0.980777 1.043502 1.085319 1.085319 1.085319 1.085322 1.148047 1.168949 1.168949 1.168949 1.168949 1.168949 1.168949 1.168949 1.168949 1.168949 1.168949 1.168949 1.168949 1.168949 1.168949 1.168949 1.168949 1.168949 1.168949 1.168949 1.168949 1.168949 -9999 -9999 -9999
