vietnam_big.asc
ncols  480
nrows  981
xllcorner  102.250
yllcorner  8.650
cellsize  0.01500
NODATA_value  -9999
[rows 231 to 263 of 981, columns 150 to 224 of 480]
-9999 -9999 -9999 -9999 -9999 -9999 -9999 -9999 -9999 -9999 -9999 -9999 -9999 -9999 -9999 -9999 -9999 -9999 -9999 -9999 -9999 -9999 -9999 1.488199 1.536906 1.585613 1.642444 1.715505 1.788566 1.861628 1.934674 1.934674 1.934674 1.934674 1.934674 1.934674 1.934674 1.934674 1.934674 1.934674 1.934674 1.934674 1.861627 1.788566 1.715504 1.642443 1.569382 1.496321 1.447606 1.447606 1.447606 1.520667 1.593729 1.666790 1.739851 1.764205 1.764205 1.739843 1.666782 1.593721 1.520659 1.447606 1.447606 1.447606 1.447606 1.447606 1.447606 1.447606 1.447606 1.447606 1.447606 1.447606 1.447606 1.447606 1.447606
-9999 -9999 -9999 -9999 -9999 -9999 -9999 -9999 -9999 -9999 -9999 -9999 -9999 -9999 -9999 -9999 -9999 -9999 -9999 -9999 -9999 -9999 -9999 -9999 1.512553 1.569382 1.642444 1.715505 1.788566 1.861628 1.934674 1.934674 1.934674 1.934674 1.934674 1.934674 1.934674 1.934674 1.934674 1.934674 1.934674 1.934674 1.934674 1.861626 1.788564 1.715503 1.642442 1.569380 1.496319 1.447606 1.447606 1.520667 1.593729 1.666790 1.739851 1.812913 1.837265 1.812903 1.739842 1.666781 1.593719 1.520658 1.447606 1.447606 1.447606 1.447606 1.447606 1.447606 1.447606 1.447606 1.447606 1.447606 1.447606 1.447606 1.447606
-9999 -9999 -9999 -9999 -9999 -9999 -9999 -9999 -9999 -9999 -9999 -9999 -9999 -9999 -9999 -9999 -9999 -9999 -9999 -9999 -9999 -9999 -9999 1.447606 1.496321 1.569382 1.642444 1.715505 1.788566 1.861628 1.934674 1.934674 1.934674 1.934674 1.934674 1.934674 1.934674 1.934674 1.934674 1.934674 1.934674 1.934674 1.934674 1.934674 1.861624 1.788563 1.715502 1.642440 1.569379 1.496318 1.447606 1.520667 1.593729 1.666790 1.739851 1.812913 1.885974 1.885963 1.812902 1.739841 1.666779 1.593718 1.520657 1.447606 1.447606 1.447606 1.447606 1.447606 1.447606 1.447606 1.447606 1.447606 1.447606 1.447606 1.447606
-9999 -9999 -9999 -9999 -9999 -9999 -9999 -9999 -9999 -9999 -9999 -9999 -9999 -9999 -9999 -9999 -9999 -9999 -9999 -9999 -9999 -9999 -9999 1.447606 1.496321 1.569382 1.642444 1.715505 1.788566 1.861628 1.934659 1.885964 1.885964 1.885964 1.885964 1.885964 1.885964 1.885964 1.885964 1.885964 1.885964 1.885964 1.885964 1.885964 1.934664 1.861623 1.788562 1.715500 1.642439 1.569378 1.496316 1.444089 1.517151 1.590212 1.663273 1.736335 1.809396 1.858096 1.809384 1.736322 1.663261 1.590200 1.517139 1.444077 1.447606 1.447606 1.447606 1.447606 1.447606 1.447606 1.447606 1.447606 1.447606 1.447606 1.447606
-9999 -9999 -9999 -9999 -9999 -9999 -9999 -9999 -9999 -9999 -9999 -9999 -9999 -9999 -9999 -9999 -9999 -9999 -9999 -9999 -9999 -9999 -9999 1.447606 1.496321 1.569382 1.642444 1.715505 1.788566 1.861628 1.934659 1.861603 1.812904 1.812904 1.812904 1.812904 1.812904 1.812904 1.812904 1.812904 1.812904 1.812904 1.812904 1.812904 1.861604 1.934665 1.861622 1.788560 1.715499 1.642438 1.569376 1.454516 1.402292 1.475354 1.548415 1.621476 1.694538 1.743238 1.743238 1.694524 1.621463 1.548401 1.475340 1.402279 1.405812 1.447606 1.447606 1.447606 1.447606 1.447606 1.447606 1.447606 1.447606 1.447606 1.447606
-9999 -9999 -9999 -9999 -9999 -9999 -9999 -9999 -9999 -9999 -9999 -9999 -9999 -9999 -9999 -9999 -9999 -9999 -9999 -9999 -9999 -9999 -9999 1.447606 1.496321 1.569382 1.642444 1.715505 1.788566 1.861628 1.934659 1.861603 1.788548 1.739844 1.739844 1.739844 1.739844 1.739844 1.739844 1.739844 1.739844 1.739844 1.739844 1.739844 1.788544 1.861605 1.934667 1.861620 1.788559 1.715498 1.642436 1.527576 1.412715 1.360495 1.433557 1.506618 1.579679 1.628379 1.628379 1.628379 1.579664 1.506603 1.433542 1.360480 1.364014 1.405810 1.447606 1.447606 1.447606 1.447606 1.447606 1.447606 1.447606 1.447606 1.447606
-9999 -9999 -9999 -9999 -9999 -9999 -9999 -9999 -9999 -9999 -9999 -9999 -9999 -9999 -9999 -9999 -9999 -9999 -9999 -9999 -9999 -9999 -9999 1.447606 1.496321 1.569382 1.642444 1.715505 1.788566 1.861628 1.934659 1.861603 1.788548 1.715492 1.666784 1.666784 1.666784 1.666784 1.666784 1.666784 1.666784 1.666784 1.666784 1.666784 1.715484 1.788545 1.861607 1.934668 1.861619 1.788557 1.715496 1.600636 1.485775 1.370915 1.318698 1.391760 1.464821 1.513521 1.513521 1.513521 1.513521 1.464805 1.391743 1.318682 1.322216 1.364012 1.405808 1.447604 1.447606 1.447606 1.447606 1.447606 1.447606 1.447606 1.447606
-9999 -9999 -9999 -9999 -9999 -9999 -9999 -9999 -9999 -9999 -9999 -9999 -9999 -9999 -9999 -9999 -9999 -9999 -9999 1.447606 1.447606 1.447606 1.447606 1.447606 1.496321 1.569382 1.642444 1.715505 1.788566 1.861628 1.934659 1.861603 1.788548 1.715492 1.642436 1.593724 1.593724 1.593724 1.593724 1.593724 1.593724 1.593724 1.593724 1.593724 1.642424 1.715485 1.788547 1.861608 1.934669 1.861617 1.788556 1.673696 1.558835 1.443974 1.329114 1.276901 1.349962 1.398663 1.398663 1.398663 1.398663 1.398663 1.349945 1.276884 1.280417 1.322213 1.364009 1.405805 1.447601 1.447606 1.447606 1.447606 1.447606 1.447606 1.447606
-9999 -9999 -9999 -9999 -9999 -9999 -9999 -9999 -9999 -9999 -9999 -9999 -9999 -9999 -9999 -9999 -9999 -9999 1.447606 1.447606 1.447606 1.447606 1.447606 1.447606 1.496321 1.569382 1.642444 1.715505 1.788566 1.861628 1.934659 1.861603 1.788548 1.715492 1.642436 1.569380 1.520664 1.520664 1.520664 1.520664 1.520664 1.520664 1.520664 1.520664 1.569364 1.642426 1.715487 1.788548 1.861610 1.934671 1.861616 1.746755 1.631895 1.517034 1.402174 1.287313 1.235104 1.283804 1.283804 1.283804 1.283804 1.283804 1.283804 1.235085 1.238619 1.280415 1.322211 1.364007 1.405803 1.447599 1.447606 1.447606 1.447606 1.447606 1.447606
-9999 -9999 -9999 -9999 -9999 -9999 -9999 -9999 -9999 -9999 -9999 -9999 -9999 -9999 -9999 1.485658 1.462827 1.447608 1.447608 1.447608 1.447608 1.447608 1.447608 1.447608 1.496321 1.569382 1.642444 1.715505 1.788566 1.861628 1.934661 1.861605 1.788550 1.715494 1.642438 1.569382 1.496327 1.447608 1.447608 1.447608 1.447608 1.447608 1.447608 1.447608 1.496306 1.569367 1.642429 1.715490 1.788551 1.861613 1.934674 1.819814 1.704953 1.590092 1.475232 1.360371 1.245511 1.168950 1.168950 1.168950 1.168950 1.168950 1.168950 1.168950 1.196821 1.238617 1.280413 1.322209 1.364005 1.405801 1.447597 1.447606 1.447606 1.447606 1.447606
-9999 -9999 -9999 -9999 -9999 -9999 -9999 -9999 -9999 -9999 -9999 -9999 -9999 -9999 1.508488 1.471959 1.471960 1.520668 1.520668 1.520668 1.520668 1.520668 1.520668 1.520668 1.520668 1.569382 1.642444 1.715505 1.788566 1.861628 1.934674 1.934665 1.861610 1.788554 1.715498 1.642442 1.569386 1.520668 1.520668 1.520668 1.520668 1.520668 1.520668 1.520668 1.520668 1.569367 1.642429 1.715490 1.788551 1.861613 1.934674 1.819814 1.704953 1.590092 1.475232 1.360371 1.245511 1.182886 1.210748 1.210748 1.210748 1.210748 1.210748 1.210748 1.210748 1.238617 1.280413 1.322209 1.364005 1.405801 1.447597 1.447606 1.447606 1.447606 1.447606
-9999 -9999 -9999 -9999 -9999 -9999 -9999 -9999 -9999 -9999 -9999 -9999 -9999 1.508489 1.471959 1.471959 1.545020 1.593728 1.593728 1.593728 1.593728 1.593728 1.593728 1.593728 1.593728 1.593728 1.642444 1.715505 1.788566 1.861628 1.934674 1.934674 1.934669 1.861614 1.788558 1.715502 1.642446 1.593728 1.593728 1.593728 1.593728 1.593728 1.593728 1.593728 1.593728 1.593728 1.642429 1.715490 1.788551 1.861613 1.934674 1.819814 1.704953 1.590092 1.475232 1.360371 1.245511 1.182886 1.224685 1.252547 1.252547 1.252547 1.252547 1.252547 1.252547 1.252547 1.280413 1.322209 1.364005 1.405801 1.447597 1.447606 1.447606 1.447606 1.447606
-9999 -9999 -9999 -9999 -9999 -9999 -9999 -9999 -9999 -9999 -9999 -9999 1.508489 1.471960 1.471957 1.545019 1.618080 1.666788 1.666788 1.666788 1.666788 1.666788 1.666788 1.666788 1.666788 1.666788 1.666788 1.715505 1.788566 1.861628 1.934674 1.934674 1.934674 1.934674 1.861618 1.788562 1.715506 1.666788 1.666788 1.666788 1.666788 1.666788 1.666788 1.666788 1.666788 1.666788 1.666788 1.715490 1.788551 1.861613 1.934674 1.819814 1.704953 1.590092 1.475232 1.360371 1.245511 1.182886 1.224685 1.266485 1.294345 1.294345 1.294345 1.294345 1.294345 1.294345 1.294345 1.322209 1.364005 1.405801 1.447597 1.447606 1.447606 1.447606 1.447606
-9999 -9999 -9999 -9999 -9999 -9999 -9999 -9999 -9999 -9999 -9999 -9999 1.471961 1.471956 1.545017 1.618079 1.691140 1.739848 1.739848 1.739848 1.739848 1.739848 1.739848 1.739848 1.739848 1.739848 1.739848 1.739848 1.788566 1.861628 1.934674 1.934674 1.934674 1.934674 1.934674 1.861622 1.788566 1.739848 1.739848 1.739848 1.739848 1.739848 1.739848 1.739848 1.739848 1.739848 1.739848 1.739848 1.788551 1.861613 1.934674 1.819814 1.704953 1.590092 1.475232 1.360371 1.245511 1.182886 1.224685 1.266485 1.308284 1.336144 1.336144 1.336144 1.336144 1.336144 1.336144 1.336144 1.364005 1.405801 1.447597 1.447606 1.447606 1.447606 1.447606
-9999 -9999 -9999 -9999 -9999 -9999 -9999 -9999 -9999 -9999 -9999 1.471961 1.471955 1.545016 1.618077 1.691139 1.764200 1.812908 1.812908 1.812908 1.812908 1.812908 1.812908 1.812908 1.812908 1.812908 1.812908 1.812908 1.812908 1.861628 1.934674 1.934674 1.934674 1.934674 1.934674 1.934674 1.861626 1.812908 1.812908 1.812908 1.812908 1.812908 1.812908 1.812908 1.812908 1.812908 1.812908 1.812908 1.812908 1.861613 1.934674 1.819814 1.704953 1.590092 1.475232 1.360371 1.245511 1.182886 1.224685 1.266485 1.308284 1.350083 1.377942 1.377942 1.377942 1.377942 1.377942 1.377942 1.377942 1.405801 1.447597 1.447606 1.447606 1.447606 1.447606
-9999 -9999 -9999 -9999 -9999 -9999 -9999 -9999 -9999 -9999 -9999 1.471953 1.545015 1.618076 1.691137 1.764199 1.837260 1.885967 1.885967 1.885967 1.885967 1.885967 1.885967 1.885967 1.885967 1.885967 1.885967 1.885967 1.885967 1.885967 1.934674 1.934674 1.934674 1.934674 1.934674 1.934674 1.934674 1.885967 1.885967 1.885967 1.885967 1.885967 1.885967 1.885967 1.885967 1.885967 1.885967 1.885967 1.885967 1.885967 1.934674 1.819814 1.704953 1.590092 1.475232 1.360371 1.245511 1.182886 1.224685 1.266485 1.308284 1.350083 1.391882 1.419740 1.419740 1.419740 1.419740 1.419740 1.419740 1.419740 1.447597 1.447606 1.447606 1.447606 1.447606
-9999 -9999 -9999 -9999 -9999 -9999 -9999 -9999 -9999 -9999 1.447613 1.496307 1.569368 1.642429 1.715491 1.788552 1.861613 1.934674 1.934674 1.934674 1.934674 1.934674 1.934674 1.934674 1.934674 1.934674 1.934674 1.934674 1.934674 1.934674 1.934674 1.934674 1.934674 1.934674 1.934674 1.934674 1.934674 1.934674 1.934674 1.934674 1.934674 1.934674 1.934674 1.934674 1.934674 1.934674 1.934674 1.934674 1.934674 1.934674 1.934674 1.833746 1.718886 1.604025 1.489165 1.374304 1.259444 1.182886 1.224685 1.266485 1.308284 1.350083 1.391882 1.433681 1.447606 1.447606 1.447606 1.447606 1.447606 1.447606 1.447606 1.433673 1.433673 1.433673 1.433673
1.861611 -9999 -9999 -9999 -9999 -9999 1.642435 1.605906 -9999 -9999 1.447613 1.447606 1.496308 1.569369 1.642431 1.715492 1.788553 1.861615 1.934674 1.934674 1.934674 1.934674 1.934674 1.934674 1.934674 1.934674 1.934674 1.934674 1.934674 1.934674 1.934674 1.934674 1.934674 1.934674 1.934674 1.934674 1.934674 1.934674 1.934674 1.934674 1.934674 1.934674 1.934674 1.934674 1.934674 1.934674 1.934674 1.934674 1.934674 1.934674 1.934674 1.861613 1.760684 1.645824 1.530963 1.416103 1.301242 1.224680 1.224685 1.266485 1.308284 1.350083 1.391882 1.433681 1.447606 1.447606 1.447606 1.447606 1.447606 1.447606 1.447606 1.405815 1.391875 1.391875 1.391875
1.898142 1.861613 1.825084 1.788554 -9999 1.715496 1.678967 1.642437 1.593736 1.520675 1.447613 1.447606 1.447606 1.496309 1.569371 1.642432 1.715493 1.788555 1.861616 1.934674 1.934674 1.934674 1.934674 1.934674 1.934674 1.934674 1.934674 1.934674 1.934674 1.934674 1.934674 1.934674 1.934674 1.934674 1.934674 1.934674 1.934674 1.934674 1.934674 1.934674 1.934674 1.934674 1.934674 1.934674 1.934674 1.934674 1.934674 1.934674 1.934674 1.934674 1.934674 1.861613 1.788551 1.687622 1.572762 1.457901 1.343040 1.266478 1.266478 1.266485 1.308284 1.350083 1.391882 1.433681 1.447606 1.447606 1.447606 1.447606 1.447606 1.447606 1.447606 1.405815 1.364016 1.350076 1.350076
1.934674 1.898144 1.861615 1.825086 1.788557 1.752027 1.715498 1.666797 1.593736 1.520675 1.447613 1.447606 1.447606 1.447606 1.496311 1.569372 1.642433 1.715495 1.788556 1.861617 1.934674 1.934674 1.934674 1.934674 1.934674 1.934674 1.934674 1.934674 1.934674 1.934674 1.934674 1.934674 1.934674 1.934674 1.934674 1.934674 1.934674 1.934674 1.934674 1.934674 1.934674 1.934674 1.934674 1.934674 1.934674 1.934674 1.934674 1.934674 1.934674 1.934674 1.934674 1.861613 1.788551 1.715490 1.614560 1.499699 1.384839 1.308277 1.308277 1.308277 1.308284 1.350083 1.391882 1.433681 1.447606 1.447606 1.447606 1.447606 1.447606 1.447606 1.447606 1.405815 1.364016 1.322217 1.308278
1.934674 1.934674 1.898146 1.861617 1.825088 1.788559 1.739859 1.666797 1.593736 1.520675 1.447613 1.447606 1.447606 1.447606 1.447606 1.496312 1.569373 1.642435 1.715496 1.788557 1.861619 1.934674 1.934674 1.934674 1.934674 1.934674 1.934674 1.934674 1.934674 1.934674 1.934674 1.934674 1.934674 1.934674 1.934674 1.934674 1.934674 1.934674 1.934674 1.934674 1.934674 1.934674 1.934674 1.934674 1.934674 1.934674 1.934674 1.934674 1.934674 1.934674 1.934674 1.861613 1.788551 1.715490 1.642429 1.541498 1.426637 1.350075 1.350075 1.350075 1.350075 1.350083 1.391882 1.433681 1.447606 1.447606 1.447606 1.447606 1.447606 1.447606 1.447606 1.405815 1.364016 1.322217 1.280418
1.934674 1.934674 1.934674 1.898149 1.861619 1.812920 1.739859 1.666797 1.593736 1.520675 1.447613 1.447606 1.447606 1.447606 1.447606 1.447606 1.496314 1.569375 1.642436 1.715498 1.788559 1.861620 1.934674 1.934674 1.934674 1.934674 1.934674 1.934674 1.934674 1.934674 1.934674 1.934674 1.934674 1.934674 1.934674 1.934674 1.934674 1.934674 1.934674 1.934674 1.934674 1.934674 1.934674 1.934674 1.934674 1.934674 1.934674 1.934674 1.934674 1.934674 1.934674 1.861613 1.788551 1.715490 1.642429 1.569367 1.468436 1.391874 1.391874 1.391874 1.391874 1.391874 1.391882 1.433681 1.447606 1.447606 1.447606 1.447606 1.447606 1.447606 1.447606 1.405815 1.364016 1.322217 1.280418
1.934674 1.934674 1.934674 1.934674 1.885981 1.812920 1.739859 1.666797 1.593736 1.520675 1.447613 1.447606 1.447606 1.447606 1.447606 1.447606 1.447606 1.496315 1.569376 1.642438 1.715499 1.788560 1.861622 1.934674 1.934674 1.934674 1.934674 1.934674 1.934674 1.934674 1.934674 1.934674 1.934674 1.934674 1.934674 1.934674 1.934674 1.934674 1.934674 1.934674 1.934674 1.934674 1.934674 1.934674 1.934674 1.934674 1.934674 1.934674 1.934674 1.934674 1.934674 1.861613 1.788551 1.715490 1.642429 1.569367 1.496306 1.433672 1.433672 1.433672 1.433672 1.433672 1.433672 1.433681 1.447606 1.447606 1.447606 1.447606 1.447606 1.447606 1.447606 1.405815 1.364016 1.322217 1.280418
1.934674 1.934674 1.934674 1.934674 1.934674 1.861626 1.788564 1.715503 1.642442 1.569380 1.496319 1.496312 1.496312 1.496312 1.496312 1.496312 1.496312 1.496312 1.545021 1.618082 1.691144 1.764205 1.837266 1.910328 1.934674 1.934674 1.934674 1.934674 1.934674 1.934674 1.934674 1.934674 1.934674 1.934674 1.934674 1.934674 1.934674 1.934674 1.934674 1.934674 1.934674 1.934674 1.934674 1.934674 1.885974 1.885968 1.885968 1.885968 1.885968 1.885968 1.885968 1.910318 1.837257 1.764196 1.691134 1.618073 1.545012 1.458013 1.419741 1.419741 1.419741 1.419741 1.419741 1.419741 1.419741 1.419741 1.419741 1.419741 1.419741 1.419741 1.419741 1.405815 1.364016 1.322217 1.280418
1.934674 1.934674 1.934674 1.934674 1.934674 1.934674 1.861626 1.788564 1.715503 1.642442 1.569380 1.569373 1.569373 1.569373 1.569373 1.569373 1.569373 1.569373 1.569373 1.618082 1.691144 1.764205 1.837266 1.910328 1.934674 1.934674 1.934674 1.934674 1.934674 1.934674 1.934674 1.934674 1.934674 1.934674 1.934674 1.934674 1.934674 1.934674 1.934674 1.934674 1.934674 1.934674 1.934674 1.934674 1.885974 1.812913 1.812907 1.812907 1.812907 1.812907 1.812907 1.885968 1.910318 1.837257 1.764196 1.691134 1.618073 1.531074 1.416214 1.377942 1.377942 1.377942 1.377942 1.377942 1.377942 1.377942 1.377942 1.377942 1.377942 1.377942 1.377942 1.377942 1.364016 1.322217 1.280418
1.934674 1.934674 1.934674 1.934674 1.934674 1.934674 1.934674 1.861626 1.788564 1.715503 1.642442 1.642434 1.642434 1.642434 1.642434 1.642434 1.642434 1.642434 1.642434 1.642434 1.691144 1.764205 1.837266 1.910328 1.934674 1.934674 1.934674 1.934674 1.934674 1.934674 1.934674 1.934674 1.934674 1.934674 1.934674 1.934674 1.934674 1.934674 1.934674 1.934674 1.934674 1.934674 1.934674 1.934674 1.885974 1.812913 1.739851 1.739846 1.739846 1.739846 1.739846 1.812907 1.885968 1.910318 1.837257 1.764196 1.691134 1.604136 1.489275 1.374415 1.336142 1.336142 1.336142 1.336142 1.336142 1.336142 1.336142 1.336142 1.336142 1.336142 1.336142 1.336142 1.336142 1.322217 1.280418
1.934674 1.934674 1.934674 1.934674 1.934674 1.934674 1.934674 1.934674 1.861626 1.788564 1.715503 1.715496 1.715496 1.715496 1.715496 1.715496 1.715496 1.715496 1.715496 1.715496 1.715496 1.764205 1.837266 1.910328 1.934674 1.934674 1.934674 1.934674 1.934674 1.934674 1.934674 1.934674 1.934674 1.934674 1.934674 1.934674 1.934674 1.934674 1.934674 1.934674 1.934674 1.934674 1.934674 1.934674 1.885974 1.812913 1.739851 1.666790 1.666784 1.666784 1.666784 1.739846 1.812907 1.885968 1.910318 1.837257 1.764196 1.677197 1.562337 1.447476 1.332616 1.294343 1.294343 1.294343 1.294343 1.294343 1.294343 1.294343 1.294343 1.294343 1.294343 1.294343 1.294343 1.294343 1.280418
1.934674 1.934674 1.934674 1.934674 1.934674 1.934674 1.934674 1.934674 1.934674 1.861626 1.788564 1.788557 1.788557 1.788557 1.788557 1.788557 1.788557 1.788557 1.788557 1.788557 1.788557 1.788557 1.837266 1.910328 1.934674 1.934674 1.934674 1.934674 1.934674 1.934674 1.934674 1.934674 1.934674 1.934674 1.934674 1.934674 1.934674 1.934674 1.934674 1.934674 1.934674 1.934674 1.934674 1.934674 1.885974 1.812913 1.739851 1.666790 1.593729 1.593723 1.593723 1.666784 1.739846 1.812907 1.885968 1.910318 1.837257 1.750258 1.635398 1.520537 1.405677 1.290816 1.252544 1.252544 1.252544 1.252544 1.252544 1.252544 1.252544 1.252544 1.252544 1.252544 1.252544 1.252544 1.252544
1.934674 1.934674 1.934674 1.934674 1.934674 1.934674 1.934674 1.934674 1.934674 1.934674 1.861626 1.861618 1.861618 1.861618 1.861618 1.861618 1.861618 1.861618 1.861618 1.861618 1.861618 1.861618 1.861618 1.910328 1.934674 1.934674 1.934674 1.934674 1.934674 1.934674 1.934674 1.934674 1.934674 1.934674 1.934674 1.934674 1.934674 1.934674 1.934674 1.934674 1.934674 1.934674 1.934674 1.934674 1.885974 1.812913 1.739851 1.666790 1.593729 1.520667 1.520662 1.593723 1.666784 1.739846 1.812907 1.885968 1.910318 1.823320 1.708459 1.593599 1.478738 1.363878 1.249017 1.210745 1.210745 1.210745 1.210745 1.210745 1.210745 1.210745 1.210745 1.210745 1.210745 1.210745 1.210745
1.934674 1.934674 1.934674 1.934674 1.934674 1.934674 1.934674 1.934674 1.934674 1.934674 1.934674 1.934674 1.934674 1.934674 1.934674 1.934674 1.934674 1.934674 1.934674 1.934674 1.934674 1.934674 1.934674 1.934674 1.934669 1.934669 1.934669 1.934669 1.934669 1.934669 1.934669 1.934669 1.934669 1.934669 1.934669 1.934669 1.934669 1.934674 1.934674 1.934674 1.934674 1.934674 1.934674 1.934674 1.885971 1.812909 1.739848 1.666787 1.593725 1.520664 1.447603 1.520659 1.593720 1.666781 1.739843 1.812904 1.885965 1.896376 1.781515 1.666654 1.551794 1.436933 1.322073 1.207212 1.168949 1.168949 1.168949 1.168949 1.168949 1.168949 1.168949 1.168952 1.168952 1.168952 1.168952
1.934674 1.934674 1.934674 1.934674 1.934674 1.934674 1.934674 1.934674 1.934674 1.934674 1.934674 1.934674 1.934674 1.934674 1.934674 1.934674 1.934674 1.934674 1.934674 1.934674 1.934674 1.934674 1.934674 1.934674 1.885959 1.861609 1.861609 1.861609 1.861609 1.861609 1.861609 1.861609 1.861609 1.861609 1.861609 1.861609 1.861609 1.885947 1.934674 1.934674 1.934674 1.934674 1.934674 1.934674 1.858112 1.771111 1.698050 1.624988 1.551927 1.478866 1.405804 1.405804 1.478862 1.551923 1.624984 1.698046 1.771107 1.819807 1.781515 1.666654 1.551794 1.436933 1.322073 1.207212 1.168949 1.168949 1.168949 1.168949 1.168949 1.168949 1.168949 1.210740 1.210750 1.210750 1.210750
1.934674 1.934674 1.934674 1.934674 1.934674 1.934674 1.934674 1.934674 1.934674 1.934674 1.934674 1.934674 1.934674 1.934674 1.934674 1.934674 1.934674 1.934674 1.934674 1.934674 1.934674 1.934674 1.934674 1.934674 1.885959 1.812898 1.788549 1.788549 1.788549 1.788549 1.788549 1.788549 1.788549 1.788549 1.788549 1.788549 1.788549 1.812888 1.885949 1.934674 1.934674 1.934674 1.934674 1.934674 1.858112 1.743252 1.656251 1.583190 1.510129 1.437067 1.364006 1.364006 1.364006 1.437065 1.510126 1.583187 1.656249 1.704949 1.704949 1.666654 1.551794 1.436933 1.322073 1.207212 1.168949 1.168949 1.168949 1.168949 1.168949 1.168949 1.168949 1.210740 1.252539 1.252549 1.252549
1.934674 1.934674 1.934674 1.934674 1.934674 1.934674 1.934674 1.934674 1.934674 1.934674 1.934674 1.934674 1.934674 1.934674 1.934674 1.934674 1.934674 1.934674 1.934674 1.934674 1.934674 1.934674 1.934674 1.934674 1.885959 1.812898 1.739836 1.715489 1.715489 1.715489 1.715489 1.715489 1.715489 1.715489 1.715489 1.715489 1.715489 1.739828 1.812889 1.885950 1.934674 1.934674 1.934674 1.934674 1.858112 1.743252 1.628391 1.541392 1.468330 1.395269 1.322208 1.322208 1.322208 1.322208 1.395268 1.468329 1.541390 1.590090 1.590090 1.590090 1.551794 1.436933 1.322073 1.207212 1.168949 1.168949 1.168949 1.168949 1.168949 1.168949 1.168949 1.210740 1.252539 1.294338 1.294347
