vietnam_big.asc
ncols  480
nrows  981
xllcorner  102.250
yllcorner  8.650
cellsize  0.01500
NODATA_value  -9999
[rows 858 to 890 of 981, columns 150 to 224 of 480]
-9999 -9999 -9999 -9999 1.166607 1.167884 1.168949 1.168949 1.168949 1.168949 1.168949 1.168949 1.168949 1.153269 1.137588 1.121906 1.106225 1.106225 1.106225 1.106225 1.106225 1.106225 1.106225 1.106225 1.106225 1.106225 1.085312 1.053950 1.022587 0.991225 0.959864 0.933797 0.907731 0.881665 0.855599 0.838219 0.838219 0.846903 0.872971 0.899039 0.925107 0.951176 0.959869 0.959869 0.942493 0.916425 0.890357 0.864288 0.838220 0.838219 0.838219 0.838219 0.838219 0.838219 0.838219 0.829528 0.803460 0.786084 0.786084 0.786084 0.786084 0.786084 0.786084 0.786084 0.786084 0.786084 0.786084 0.786084 0.786084 0.786084 0.786084 0.763176 0.740263 0.717350 0.694438
-9999 -9999 -9999 -9999 1.168204 1.168949 1.168949 1.168949 1.168949 1.168949 1.168949 1.168949 1.153269 1.137587 1.137587 1.137587 1.137587 1.137587 1.137587 1.137587 1.137587 1.137587 1.137587 1.137587 1.137587 1.116675 1.085312 1.053950 1.022587 0.991225 0.959864 0.933797 0.907731 0.881665 0.855599 0.829533 0.812151 0.820836 0.846904 0.872972 0.899040 0.925108 0.951176 0.959869 0.942493 0.916425 0.890357 0.864288 0.838220 0.812152 0.812151 0.812151 0.812151 0.812151 0.812151 0.812151 0.803460 0.786084 0.786084 0.786084 0.786084 0.786084 0.786084 0.786084 0.786084 0.786084 0.786084 0.786084 0.786084 0.786084 0.786084 0.763176 0.740263 0.717350 0.694438
-9999 -9999 -9999 1.167198 1.168949 1.168949 1.168949 1.168949 1.168949 1.168949 1.168949 1.168948 1.168948 1.168948 1.168948 1.168948 1.168948 1.168948 1.168948 1.168948 1.168948 1.168948 1.168948 1.168948 1.148037 1.116675 1.085312 1.053950 1.022587 0.991225 0.959864 0.933798 0.907732 0.881666 0.855599 0.829533 0.803467 0.794768 0.820836 0.846904 0.872973 0.899041 0.925109 0.951177 0.942493 0.916425 0.890357 0.864289 0.838221 0.812153 0.786084 0.786084 0.786084 0.786084 0.786084 0.786084 0.786084 0.786084 0.786084 0.786084 0.786084 0.786084 0.786084 0.786084 0.786084 0.786084 0.786084 0.786084 0.786084 0.786084 0.786084 0.763176 0.740264 0.717351 0.694438
-9999 -9999 1.149357 1.167198 1.168949 1.168949 1.168949 1.168949 1.168949 1.168949 1.168949 1.137590 1.137586 1.137586 1.137586 1.137586 1.137586 1.128897 1.111518 1.111518 1.111518 1.111518 1.111518 1.111518 1.128899 1.116675 1.085312 1.053950 1.022587 0.991225 0.959869 0.959866 0.933800 0.907733 0.881667 0.855601 0.829535 0.812152 0.820836 0.846904 0.872973 0.899041 0.925109 0.951177 0.959869 0.942493 0.916425 0.890357 0.864289 0.838220 0.812152 0.786084 0.786084 0.786084 0.786084 0.786084 0.786084 0.786084 0.786084 0.786084 0.786084 0.786084 0.786084 0.786084 0.786084 0.786084 0.786084 0.786084 0.786084 0.786084 0.786084 0.786084 0.763176 0.740263 0.717351
-9999 1.081063 1.139146 1.167198 1.168949 1.168949 1.168949 1.168949 1.168949 1.168949 1.168949 1.137590 1.106227 1.106224 1.106224 1.106224 1.106224 1.097535 1.071467 1.054088 1.054088 1.054088 1.054088 1.054088 1.071469 1.097538 1.085312 1.053950 1.022587 0.991225 0.959869 0.959869 0.959867 0.933801 0.907735 0.881669 0.855603 0.838220 0.838220 0.846904 0.872973 0.899041 0.925109 0.951177 0.959869 0.959869 0.942493 0.916425 0.890356 0.864288 0.838220 0.812152 0.786084 0.786084 0.786084 0.786084 0.786084 0.786084 0.786084 0.786084 0.786084 0.786084 0.786084 0.786084 0.786084 0.786084 0.786084 0.786084 0.786084 0.786084 0.786084 0.786084 0.786084 0.763176 0.740263
1.012769 1.070852 1.128934 1.167198 1.168949 1.168949 1.168949 1.168949 1.168949 1.168949 1.168949 1.137590 1.106227 1.074865 1.074862 1.074862 1.074862 1.066173 1.040104 1.014036 0.996658 0.996658 0.996658 0.996658 1.014039 1.040108 1.066176 1.053950 1.022587 0.991225 0.959869 0.959869 0.959869 0.959869 0.933803 0.907737 0.881671 0.864288 0.864288 0.864288 0.872973 0.899041 0.925109 0.951177 0.959869 0.959869 0.959869 0.942492 0.916424 0.890356 0.864288 0.838220 0.812152 0.786084 0.786084 0.786084 0.786084 0.786084 0.786084 0.786084 0.786084 0.786084 0.786084 0.786084 0.786084 0.786084 0.786084 0.786084 0.786084 0.786084 0.786084 0.786084 0.786084 0.786084 0.763176
1.002557 1.060640 1.118723 1.167198 1.168949 1.168949 1.168949 1.168949 1.168949 1.168949 1.168949 1.137590 1.106227 1.074865 1.043502 1.043500 1.043500 1.034810 1.008742 0.982674 0.956606 0.939228 0.939228 0.939228 0.956609 0.982677 1.008746 1.034814 1.022587 0.991225 0.959869 0.959869 0.959869 0.959869 0.959869 0.933805 0.907739 0.890356 0.890356 0.890356 0.890356 0.899041 0.925109 0.951177 0.959869 0.959869 0.959869 0.959869 0.942492 0.916424 0.890356 0.864288 0.838220 0.812152 0.786084 0.786084 0.786084 0.786084 0.786084 0.786084 0.786084 0.786084 0.786084 0.786084 0.786084 0.786084 0.786084 0.786084 0.786084 0.786084 0.786084 0.786084 0.786084 0.786084 0.786084
0.992346 1.050429 1.108512 1.166595 1.168949 1.168949 1.168949 1.168949 1.168949 1.168949 1.168949 1.137590 1.106227 1.074865 1.043502 1.012140 1.012138 1.003448 0.977380 0.951312 0.925244 0.899176 0.881798 0.881798 0.899179 0.925247 0.951316 0.977384 1.003452 0.991225 0.959869 0.959869 0.959869 0.959869 0.959869 0.959869 0.933806 0.916424 0.916424 0.916424 0.916424 0.916424 0.925109 0.951177 0.959869 0.959869 0.959869 0.959869 0.959869 0.942492 0.916424 0.890356 0.864288 0.838219 0.812151 0.786084 0.786084 0.786084 0.786084 0.786084 0.786084 0.786084 0.786084 0.786084 0.786084 0.786084 0.786084 0.786084 0.786084 0.786084 0.786084 0.786084 0.786084 0.786084 0.786084
0.982135 1.040217 1.098300 1.156383 1.168949 1.168949 1.168949 1.168949 1.168949 1.168949 1.168949 1.137590 1.106227 1.074865 1.043502 1.012140 0.980777 0.972086 0.946018 0.919950 0.893882 0.867814 0.841746 0.824368 0.841749 0.867817 0.893886 0.919954 0.946022 0.972090 0.959869 0.959869 0.959869 0.959869 0.959869 0.959869 0.959869 0.942492 0.942492 0.942492 0.942492 0.942492 0.942492 0.951177 0.959869 0.959869 0.959869 0.959869 0.959869 0.959869 0.942492 0.916424 0.890355 0.864287 0.838219 0.812151 0.786084 0.786084 0.786084 0.786084 0.786084 0.786084 0.786084 0.786084 0.786084 0.786084 0.786084 0.786084 0.786084 0.786084 0.786084 0.786084 0.786084 0.786084 0.786084
-9999 1.030006 1.088089 1.146172 1.158493 1.158493 1.158493 1.158493 1.158493 1.158493 1.158493 1.128899 1.097537 1.066174 1.034812 1.003449 0.972087 0.959868 0.933802 0.907734 0.881666 0.855598 0.829530 0.803461 0.803466 0.829534 0.855602 0.881670 0.907738 0.933806 0.959869 0.959869 0.959869 0.959869 0.959869 0.959869 0.959869 0.959869 0.959869 0.959869 0.959869 0.959869 0.959869 0.959869 0.959869 0.959869 0.959869 0.959869 0.959869 0.959869 0.959869 0.942491 0.916423 0.890355 0.864287 0.838219 0.812151 0.794775 0.794775 0.794775 0.794775 0.794775 0.794775 0.794775 0.794775 0.794775 0.794775 0.794775 0.794775 0.794775 0.794775 0.805230 0.805230 0.805230 0.805230
-9999 -9999 1.077878 1.135960 1.163734 1.127131 1.127131 1.127131 1.127131 1.127131 1.127131 1.101066 1.071469 1.040106 1.008744 0.977382 0.946019 0.933800 0.959868 0.933801 0.907733 0.881665 0.855597 0.829529 0.820842 0.829534 0.855602 0.881670 0.907738 0.933806 0.959869 0.959869 0.959869 0.959869 0.959869 0.959869 0.959869 0.959869 0.959869 0.959869 0.959869 0.959869 0.959869 0.959869 0.959869 0.959869 0.959869 0.959869 0.959869 0.959869 0.959869 0.959869 0.942491 0.916423 0.890355 0.864286 0.838218 0.820842 0.820842 0.820842 0.820842 0.820842 0.820842 0.820842 0.820842 0.820842 0.820842 0.820842 0.820842 0.820842 0.820842 0.852198 0.862660 0.862660 0.862660
-9999 -9999 -9999 1.125749 1.178235 1.132371 1.095770 1.095770 1.095770 1.095770 1.095770 1.069704 1.043636 1.014039 0.982676 0.951314 0.919951 0.907733 0.933801 0.959869 0.933801 0.907733 0.881665 0.855597 0.846910 0.846910 0.855602 0.881670 0.907738 0.933806 0.959869 0.959869 0.959869 0.959869 0.959869 0.959869 0.959869 0.959869 0.959869 0.959869 0.959869 0.959869 0.959869 0.959869 0.959869 0.959869 0.959869 0.959869 0.959869 0.959869 0.959869 0.959869 0.959869 0.942490 0.916422 0.890354 0.864286 0.846910 0.846910 0.846910 0.846910 0.846910 0.846910 0.846910 0.846910 0.846910 0.846910 0.846910 0.846910 0.846910 0.846910 0.878266 0.909628 0.920089 0.920089
-9999 -9999 1.057455 1.115538 1.170385 1.155892 1.101008 1.064408 1.064408 1.064408 1.064408 1.038342 1.012274 0.986206 0.956609 0.925246 0.893884 0.881665 0.907733 0.933801 0.959869 0.933800 0.907732 0.881664 0.872978 0.872978 0.872978 0.881670 0.907738 0.933806 0.959869 0.959869 0.959869 0.959869 0.959869 0.959869 0.959869 0.959869 0.959869 0.959869 0.959869 0.959869 0.959869 0.959869 0.959869 0.959869 0.959869 0.959869 0.959869 0.959869 0.959869 0.959869 0.959869 0.959869 0.942490 0.916422 0.890354 0.872978 0.872978 0.872978 0.872978 0.872978 0.872978 0.872978 0.872978 0.872978 0.872978 0.872978 0.872978 0.872978 0.872978 0.904334 0.935696 0.967059 0.977519
-9999 -9999 -9999 -9999 1.161561 1.154996 1.124529 1.069645 1.033046 1.033046 1.033046 1.006980 0.980912 0.954844 0.928776 0.899179 0.867816 0.855597 0.881665 0.907733 0.933802 0.959868 0.933800 0.907732 0.899045 0.899045 0.899045 0.899045 0.907738 0.933806 0.959869 0.959869 0.959869 0.959869 0.959869 0.959869 0.959869 0.959869 0.959869 0.959869 0.959869 0.959869 0.959869 0.959869 0.959869 0.959869 0.959869 0.959869 0.959869 0.959869 0.959869 0.959869 0.959869 0.959869 0.959869 0.942489 0.916421 0.899045 0.899045 0.899045 0.899045 0.899045 0.899045 0.899045 0.899045 0.899045 0.899045 0.899045 0.899045 0.899045 0.899045 0.930401 0.961764 0.993126 1.024489
-9999 -9999 -9999 -9999 -9999 1.182906 1.148051 1.093166 1.038282 1.001684 1.001684 0.975618 0.949550 0.923482 0.897414 0.871346 0.841749 0.829530 0.855598 0.881666 0.907734 0.933802 0.959868 0.933799 0.925113 0.925113 0.925113 0.925113 0.925113 0.933806 0.959869 0.959869 0.959869 0.959869 0.959869 0.959869 0.959869 0.959869 0.959869 0.959869 0.959869 0.959869 0.959869 0.959869 0.959869 0.959869 0.959869 0.959869 0.959869 0.959869 0.959869 0.959869 0.959869 0.959869 0.959869 0.959869 0.942489 0.925113 0.925113 0.925113 0.925113 0.925113 0.925113 0.925113 0.925113 0.925113 0.925113 0.925113 0.925113 0.925113 0.925113 0.956469 0.987831 1.019194 1.050556
-9999 -9999 -9999 -9999 -9999 -9999 1.165451 1.116688 1.061803 1.006919 0.970322 0.944257 0.918188 0.892120 0.866052 0.839984 0.813916 0.803462 0.829530 0.855598 0.881666 0.907734 0.933803 0.959867 0.951180 0.951180 0.951180 0.951180 0.951180 0.951180 0.959869 0.959869 0.959869 0.959869 0.959869 0.959869 0.959869 0.959869 0.959869 0.959869 0.959869 0.959869 0.959869 0.959869 0.959869 0.959869 0.959869 0.959869 0.959869 0.959869 0.959869 0.959869 0.959869 0.959869 0.959869 0.959869 0.959869 0.951180 0.951180 0.951180 0.951180 0.951180 0.951180 0.951180 0.951180 0.951180 0.951180 0.951180 0.951180 0.951180 0.951180 0.982536 1.013899 1.045261 1.076624
-9999 -9999 -9999 -9999 -9999 -9999 1.148058 1.140209 1.085325 1.030441 0.975556 0.960915 0.942493 0.916425 0.890357 0.864289 0.838221 0.812153 0.820842 0.846910 0.872978 0.899046 0.925114 0.951182 0.942490 0.942490 0.942490 0.942490 0.942490 0.942490 0.942490 0.942490 0.942490 0.942490 0.942490 0.942490 0.942490 0.942490 0.942490 0.942490 0.942490 0.942490 0.942490 0.942490 0.959866 0.959869 0.959869 0.959869 0.959869 0.959869 0.959869 0.959869 0.959869 0.959869 0.959869 0.959869 0.959869 0.959869 0.959869 0.959869 0.959869 0.959869 0.959869 0.959869 0.980778 0.980778 0.980778 0.980778 0.980778 0.980778 0.980778 0.991225 1.022587 1.053950 1.085312
-9999 -9999 -9999 -9999 -9999 -9999 -9999 1.163731 1.108846 1.053962 0.999078 0.967187 0.964051 0.960915 0.942492 -9999 -9999 0.864288 0.838220 0.846910 0.872978 0.899046 0.925114 0.951182 0.942487 0.916422 0.916422 0.916422 0.916422 0.916422 0.916422 0.916422 0.916422 0.916422 0.916422 0.916422 0.916422 0.916422 0.916422 0.916422 0.916422 0.916422 0.916422 0.916422 0.933798 0.959866 0.959869 0.959869 0.959869 0.959869 0.959869 0.959869 0.959869 0.959869 0.959869 0.959869 0.959869 0.959869 0.959869 0.959869 0.959869 0.959869 0.959869 0.959869 0.980782 1.012139 1.012139 1.012139 1.012139 1.012139 1.012139 1.012139 1.022587 1.053950 1.085312
-9999 -9999 -9999 -9999 -9999 -9999 1.206101 1.144544 1.132368 1.077484 1.022599 0.973459 0.970323 0.967187 -9999 -9999 -9999 -9999 -9999 0.864287 0.872978 0.899046 0.925114 0.951182 0.942487 0.916419 0.890355 0.890355 0.890355 0.890355 0.890355 0.890355 0.890355 0.890355 0.890355 0.890355 0.890355 0.890355 0.890355 0.890355 0.890355 0.890355 0.890355 0.890355 0.907731 0.933799 0.959867 0.959869 0.959869 0.959869 0.959869 0.959869 0.959869 0.959869 0.959869 0.959869 0.959869 0.959869 0.959869 0.959869 0.959869 0.959869 0.959869 0.959869 0.980782 1.012142 1.043501 1.043501 1.043501 1.043501 1.043501 1.043501 1.043501 1.053950 1.085312
-9999 -9999 -9999 -9999 -9999 -9999 -9999 1.148056 1.155890 1.101005 1.046121 0.991236 0.976596 -9999 -9999 -9999 -9999 -9999 -9999 -9999 -9999 0.899046 0.925114 0.951182 0.942487 0.916419 0.890351 0.864287 0.864287 0.864287 0.864287 0.864287 0.864287 0.864287 0.864287 0.864287 0.864287 0.864287 0.864287 0.864287 0.864287 0.864287 0.864287 0.864287 0.881663 0.907731 0.933799 0.959867 0.959869 0.959869 0.959869 0.959869 0.959869 0.959869 0.959869 0.959869 0.959869 0.959869 0.959869 0.959869 0.959869 0.959869 0.959869 0.959869 0.980782 1.012142 1.043502 1.074862 1.074863 1.074863 1.074863 1.074863 1.074863 1.074863 1.085312
-9999 -9999 0.975764 -9999 -9999 -9999 -9999 1.182902 1.154999 1.124527 1.069642 1.014758 -9999 -9999 -9999 -9999 -9999 -9999 -9999 -9999 -9999 -9999 0.925114 0.951182 0.942487 0.916419 0.890351 0.864283 0.838219 0.838219 0.838219 0.838219 0.838219 0.838219 0.838219 0.838219 0.838219 0.838219 0.838219 0.838219 0.838219 0.838219 0.838219 0.838219 0.855595 0.881664 0.907732 0.933800 0.959868 0.959869 0.959869 0.959869 0.959869 0.959869 0.959869 0.959869 0.959869 0.959869 0.959869 0.959869 0.959869 0.959869 0.959869 0.959869 0.980782 1.012142 1.043502 1.074862 1.106222 1.106225 1.106225 1.106225 1.106225 1.106225 1.106225
-9999 -9999 -9999 -9999 -9999 -9999 -9999 -9999 1.123637 1.148048 1.093164 -9999 -9999 -9999 -9999 -9999 -9999 -9999 -9999 -9999 -9999 -9999 0.942488 0.951182 0.942487 0.916419 0.890351 0.864283 0.838215 0.812152 0.812152 0.812152 0.812152 0.812152 0.812152 0.812152 0.812152 0.812152 0.812152 0.812152 0.812152 0.812152 0.812152 0.812152 0.829528 0.855596 0.881664 0.907732 0.933800 0.959868 0.959869 0.959869 0.959869 0.959869 0.959869 0.959869 0.959869 0.959869 0.959869 0.959869 0.959869 0.959869 0.959869 0.959869 0.980782 1.012142 1.043502 1.074862 1.106222 1.137582 1.137587 1.137587 1.137587 1.137587 1.137587
-9999 -9999 -9999 -9999 -9999 -9999 -9999 1.220034 1.148055 1.165454 -9999 -9999 -9999 -9999 -9999 -9999 -9999 -9999 -9999 -9999 -9999 -9999 -9999 0.960914 0.942487 0.916419 0.890351 0.864283 0.838215 0.812147 0.786084 0.786084 0.786084 0.786084 0.786084 0.786084 0.786084 0.786084 0.786084 0.786084 0.786084 0.786084 0.786084 0.786084 0.803460 0.829528 0.855596 0.881665 0.907733 0.933801 0.959869 0.959869 0.959869 0.959869 0.959869 0.959869 0.959869 0.959869 0.959869 0.959869 0.959869 0.959869 0.959869 0.959869 0.980782 1.012142 1.043502 1.074862 1.106222 1.137582 1.168942 1.168949 1.168949 1.168949 1.168949
-9999 -9999 -9999 1.003212 -9999 -9999 -9999 -9999 -9999 1.134092 -9999 -9999 -9999 -9999 -9999 -9999 -9999 -9999 -9999 -9999 -9999 -9999 -9999 -9999 0.970322 0.962482 0.942489 0.916421 0.890353 0.864285 0.838217 0.812152 0.812152 0.812152 0.812152 0.812152 0.812152 0.812152 0.812152 0.812152 0.812152 0.812152 0.812152 0.812152 0.812152 0.829528 0.855596 0.881665 0.907733 0.933801 0.959869 0.959869 0.959869 0.959869 0.959869 0.959869 0.959869 0.970326 0.991231 0.991231 0.991231 0.991231 0.991231 0.991231 0.991231 1.012142 1.043502 1.074862 1.106222 1.137582 1.168942 1.168949 1.168949 1.168949 1.168949
-9999 -9999 -9999 -9999 -9999 -9999 -9999 -9999 -9999 -9999 -9999 -9999 -9999 -9999 -9999 -9999 -9999 -9999 -9999 -9999 -9999 -9999 -9999 -9999 0.993313 0.978163 0.970323 0.962482 0.942490 0.916422 0.890354 0.864286 0.838220 0.838220 0.838220 0.838220 0.838220 0.838220 0.838220 0.838220 0.838220 0.838220 0.838220 0.838220 0.838220 0.838220 0.855596 0.881665 0.907733 0.933801 0.959869 0.959869 0.959869 0.959869 0.959869 0.959869 0.959869 0.970326 1.001689 1.022593 1.022593 1.022593 1.022593 1.022593 1.022593 1.022593 1.043502 1.074862 1.106222 1.137582 1.168942 1.168949 1.168949 1.168949 1.168949
0.808541 -9999 -9999 -9999 -9999 -9999 -9999 -9999 -9999 -9999 -9999 -9999 -9999 -9999 -9999 -9999 -9999 -9999 -9999 -9999 -9999 -9999 -9999 -9999 -9999 0.997499 0.986004 0.978163 0.970323 0.962483 0.942492 0.916424 0.890356 0.864288 0.864288 0.864288 0.864288 0.864288 0.864288 0.864288 0.864288 0.864288 0.864288 0.864288 0.864288 0.864288 0.864288 0.881665 0.907733 0.933801 0.959869 0.959869 0.959869 0.959869 0.959869 0.959869 0.959869 0.970326 1.001689 1.033051 1.053955 1.053955 1.053955 1.053955 1.053955 1.053955 1.053955 1.074862 1.106222 1.137582 1.168942 1.168949 1.168949 1.168949 1.168949
-9999 -9999 -9999 -9999 -9999 -9999 -9999 -9999 -9999 -9999 -9999 -9999 -9999 -9999 -9999 -9999 -9999 -9999 -9999 -9999 -9999 -9999 -9999 -9999 -9999 -9999 1.001685 0.993844 0.986004 -9999 -9999 -9999 -9999 -9999 0.890357 0.890356 0.890356 0.890356 0.890356 0.890356 0.890356 0.890356 0.890356 0.890356 0.890356 0.890356 0.890356 0.890356 0.907733 0.933801 0.959869 0.959869 0.959869 0.959869 0.959869 0.959869 0.959869 0.970326 1.001689 1.033051 1.064414 1.085318 1.085318 1.085318 1.085318 1.085318 1.085318 1.085318 1.106222 1.137582 1.168942 1.168949 1.168949 1.168949 1.168949
-9999 -9999 -9999 -9999 -9999 -9999 -9999 -9999 -9999 -9999 -9999 -9999 -9999 -9999 -9999 -9999 -9999 -9999 -9999 -9999 -9999 -9999 -9999 -9999 -9999 -9999 -9999 -9999 -9999 -9999 -9999 -9999 -9999 -9999 -9999 0.916427 0.916423 0.916423 0.916423 0.916423 0.916423 0.916423 0.916423 0.916423 0.916423 0.916423 0.916423 0.916423 0.916423 0.933801 0.959869 0.959869 0.959869 0.959869 0.959869 0.959869 0.959869 0.970326 1.001689 1.033051 1.064414 1.095776 1.116680 1.116680 1.116680 1.116680 1.116680 1.116680 1.116680 1.137582 1.168942 1.168949 1.168949 1.168949 1.168949
-9999 -9999 -9999 -9999 -9999 -9999 -9999 -9999 -9999 -9999 -9999 -9999 -9999 -9999 -9999 -9999 -9999 -9999 -9999 -9999 -9999 -9999 -9999 -9999 -9999 -9999 -9999 -9999 -9999 -9999 -9999 -9999 -9999 -9999 -9999 -9999 0.942496 0.942491 0.942491 0.942491 0.942491 0.942491 0.942491 0.942491 0.942491 0.942491 0.942491 0.942491 0.942491 0.942491 0.959869 0.959869 0.959869 0.959869 0.959869 0.959869 0.959869 0.970326 1.001689 1.033051 1.064414 1.095776 1.127139 1.148042 1.148042 1.148042 1.148042 1.148042 1.148042 1.148042 1.168942 1.168949 1.168949 1.168949 1.168949
-9999 -9999 -9999 -9999 -9999 -9999 -9999 -9999 -9999 -9999 -9999 -9999 -9999 -9999 -9999 -9999 -9999 -9999 -9999 -9999 -9999 -9999 -9999 -9999 -9999 -9999 -9999 -9999 -9999 -9999 -9999 -9999 -9999 -9999 -9999 -9999 -9999 0.959873 0.959869 0.959869 0.959869 0.959869 0.959869 0.959869 0.959869 0.959869 0.959869 0.959869 0.959869 0.959869 0.959869 0.970324 0.970324 0.970324 0.970324 0.970324 0.970324 0.970326 1.001689 1.033051 1.064414 1.095776 1.127139 1.158501 1.168949 1.168949 1.168949 1.168949 1.168949 1.168949 1.168949 1.168949 1.168949 1.168949 1.168949
-9999 -9999 -9999 0.931733 -9999 -9999 -9999 -9999 -9999 -9999 -9999 -9999 -9999 -9999 -9999 -9999 -9999 -9999 -9999 -9999 -9999 -9999 -9999 -9999 -9999 -9999 -9999 -9999 -9999 -9999 -9999 -9999 -9999 -9999 -9999 -9999 -9999 -9999 0.959872 0.959869 0.959869 0.959869 0.959869 0.959869 0.959869 0.959869 0.959869 0.959869 0.959869 0.959869 0.959869 0.991231 1.001686 1.001686 1.001686 1.001686 1.001686 1.001686 1.001689 1.033051 1.064414 1.095776 1.127139 1.158501 1.168949 1.168949 1.168949 1.168949 1.168949 1.168949 1.168949 1.168949 1.168949 1.168949 1.168949
-9999 -9999 -9999 -9999 -9999 -9999 -9999 -9999 -9999 -9999 -9999 -9999 -9999 -9999 -9999 -9999 -9999 -9999 -9999 -9999 -9999 -9999 -9999 -9999 -9999 -9999 -9999 -9999 -9999 -9999 -9999 -9999 -9999 -9999 -9999 -9999 -9999 -9999 -9999 0.959872 0.959869 0.959869 0.959869 0.959869 0.959869 0.959869 0.959869 0.959869 0.959869 0.959869 0.959869 0.991231 1.022594 1.033048 1.033048 1.033048 1.033048 1.033048 1.033048 1.033051 1.064414 1.095776 1.127139 1.158501 1.168949 1.168949 1.168949 1.168949 1.168949 1.168949 1.168949 1.168949 1.168949 1.168949 1.168949
-9999 -9999 -9999 -9999 -9999 -9999 -9999 -9999 -9999 -9999 -9999 -9999 -9999 -9999 -9999 -9999 -9999 -9999 -9999 -9999 -9999 -9999 -9999 -9999 -9999 -9999 -9999 -9999 -9999 -9999 -9999 -9999 -9999 -9999 -9999 -9999 -9999 -9999 -9999 0.975553 0.959872 0.959869 0.959869 0.959869 0.959869 0.959869 0.959869 0.959869 0.959869 0.959869 0.959869 0.991231 1.022594 1.053956 1.064410 1.064410 1.064410 1.064410 1.064410 1.064410 1.064414 1.095776 1.127139 1.158501 1.168949 1.168949 1.168949 1.168949 1.168949 1.168949 1.168949 1.168949 1.168949 1.168949 1.168949
