vietnam.asc
ncols  240
nrows  491
xllcorner  102.250
yllcorner  8.650
cellsize  0.03000
NODATA_value  -9999
[rows 33 to 65 of 491, columns 0 to 73 of 240]
-9999 0.523326 0.523326 0.523326 0.581721 0.669308 0.756895 0.803461 0.803461 0.803461 0.803461 0.918311 1.033172 1.148033 1.127135 1.064410 1.001686 0.942490 0.890354 0.838218 0.803464 0.855600 0.907736 0.959869 0.894556 0.796602 0.698647 0.665985 0.711808 0.757633 0.803459 0.715879 0.628292 0.540706 0.568544 0.610305 0.652066 0.652063 0.610302 0.568541 0.523326 0.523326 0.523326 0.523326 0.494133 0.494133 0.494133 0.554619 0.694342 0.834065 0.942492 0.802769 0.663046 0.523325 0.535895 0.577656 0.619417 0.663887 0.709709 0.755531 0.786084 0.984524 1.182983 1.381443 1.419743 1.419743 1.419743 1.419740 1.336141 1.252543 1.196817 1.280415 1.364013 1.447606
0.468092 0.494133 0.494133 0.494133 0.443237 0.530824 0.618410 0.676792 0.676792 0.676792 0.676792 0.690930 0.805791 0.920652 1.033974 0.971260 0.908535 0.913293 0.925112 0.872976 0.820835 0.745073 0.797209 0.849345 0.815815 0.717861 0.619907 0.567019 0.609997 0.655823 0.701648 0.698502 0.610915 0.523329 0.468092 0.509853 0.551614 0.579452 0.551610 0.509849 0.468096 0.494133 0.494133 0.494133 0.468096 0.468092 0.468092 0.510301 0.645665 0.785388 0.925111 0.820146 0.680423 0.540700 0.494135 0.535896 0.577657 0.652078 0.729194 0.775016 0.820838 0.928790 1.127250 1.325709 1.447601 1.447606 1.447606 1.419740 1.336141 1.252543 1.168949 1.196818 1.280417 1.364015
0.429032 0.468093 0.494133 0.494133 0.443231 0.366892 0.454479 0.512861 0.512861 0.512861 0.512861 0.476660 0.490797 0.605658 0.718980 0.831532 0.768815 0.773573 0.913295 0.925111 0.872970 0.733248 0.657489 0.709625 0.676096 0.599754 0.501800 0.448912 0.486199 0.529178 0.575003 0.614065 0.610915 0.523329 0.468092 0.429032 0.470793 0.498632 0.498632 0.470788 0.429036 0.468094 0.494133 0.494133 0.468096 0.429035 0.429032 0.471241 0.597889 0.733253 0.872976 0.785389 0.680423 0.540700 0.494133 0.494136 0.535897 0.610318 0.750030 0.827151 0.872973 0.935696 1.043653 1.242113 1.364004 1.447602 1.447606 1.419740 1.336141 1.252543 1.168949 1.168949 1.196820 1.280418
0.389971 0.429032 0.468093 0.494133 0.443231 0.366883 0.290548 0.348930 0.348930 0.348930 0.348930 0.312729 0.276525 0.290664 0.403986 0.516538 0.629090 0.633852 0.773575 0.913298 0.925106 0.785383 0.645660 0.569905 0.536376 0.460034 0.383692 0.330806 0.368092 0.405379 0.448358 0.487419 0.526480 0.523329 0.468092 0.429031 0.389972 0.417811 0.417811 0.417811 0.389975 0.429033 0.468091 0.494133 0.468096 0.429035 0.389974 0.432181 0.558828 0.685476 0.820840 0.733254 0.645667 0.540700 0.494133 0.494133 0.494136 0.568558 0.708270 0.847982 0.925108 0.987831 1.050556 1.158516 1.280407 1.364005 1.447604 1.419740 1.336141 1.252543 1.168949 1.168949 1.168949 1.196821
-9999 0.352454 0.391515 0.430576 0.431162 0.354815 0.278467 0.227576 0.227576 0.227576 0.227576 0.215512 0.179308 0.143103 0.180974 0.293526 0.406078 0.481113 0.620835 0.760557 0.900269 0.782621 0.642898 0.503175 0.443231 0.366889 0.290547 0.227580 0.264859 0.302145 0.339432 0.389970 0.429031 0.468092 0.481113 0.442052 0.402991 0.376952 0.376952 0.376952 0.376944 0.377544 0.416602 0.455660 0.510313 0.471252 0.432191 0.390875 0.517513 0.644161 0.770809 0.698498 0.610911 0.523324 0.508054 0.508054 0.508054 0.523339 0.663051 0.802763 0.942476 1.022587 1.085312 1.148037 1.224677 1.308275 1.391874 1.419740 1.336141 1.252543 1.168949 1.168949 1.168949 1.168949
-9999 0.343714 0.294641 0.278966 0.318027 0.318611 0.242263 0.191372 0.191372 0.191372 0.191372 0.227573 0.215511 0.179307 0.192093 0.254465 0.367017 0.442052 0.442054 0.581777 0.721489 0.647998 0.530348 0.390625 0.368203 0.366889 0.290547 0.227580 0.191376 0.228656 0.265943 0.339432 0.389971 0.429032 0.468093 0.481112 0.442051 0.416013 0.416013 0.416013 0.416005 0.339663 0.340256 0.379314 0.501610 0.597897 0.558836 0.517521 0.471695 0.598336 0.724984 0.683223 0.610911 0.523324 0.521976 0.549814 0.549814 0.565093 0.610916 0.750628 0.890340 1.005204 1.085312 1.148037 1.224677 1.308275 1.391874 1.419740 1.336141 1.252543 1.168949 1.168949 1.168949 1.168949
-9999 -9999 -9999 0.264196 0.221150 0.205478 0.206059 0.155169 0.155169 0.155169 0.155169 0.191369 0.227574 0.215511 0.228297 0.265583 0.327957 0.402992 0.402992 0.402996 0.542708 0.469217 0.395726 0.278075 0.255653 0.291855 0.290547 0.227580 0.191376 0.155171 0.192453 0.265942 0.339433 0.389972 0.429033 0.468094 0.481112 0.455073 0.455073 0.455073 0.455065 0.378723 0.302381 0.302967 0.425264 0.589198 0.685482 0.644166 0.598340 0.552515 0.679159 0.637398 0.595637 0.523324 0.521976 0.563737 0.591574 0.606853 0.652675 0.698497 0.838205 0.953069 1.067930 1.148037 1.224677 1.308275 1.391874 1.419740 1.336141 1.252543 1.168949 1.168949 1.168949 1.168949
-9999 -9999 -9999 -9999 -9999 0.190705 0.147658 0.118965 0.118965 0.118965 0.118965 0.155166 0.191370 0.227574 0.264500 0.301787 0.339074 0.363932 0.363932 0.363932 0.363928 0.290437 0.216946 0.143455 0.143103 0.179305 0.215506 0.227580 0.191376 0.155171 0.118967 0.192452 0.265943 0.339435 0.389972 0.429033 0.468094 0.494133 0.494133 0.494133 0.494125 0.417783 0.341441 0.265099 0.348917 0.512852 0.676786 0.770811 0.724986 0.679160 0.633335 0.591574 0.549812 0.508051 0.521976 0.563737 0.605498 0.648613 0.694435 0.740257 0.786080 0.900934 1.015795 1.130656 1.224677 1.308275 1.391874 1.419740 1.336141 1.252543 1.168949 1.168949 1.168949 1.168949
-9999 -9999 -9999 -9999 -9999 -9999 0.160259 0.117213 0.118965 0.118965 0.118965 0.155166 0.191370 0.227574 0.264500 0.301787 0.339074 0.351503 0.326646 0.326646 0.326644 0.290437 0.216946 0.143455 0.143103 0.179305 0.215506 0.239644 0.227579 0.191375 0.155171 0.192454 0.265943 0.339435 0.363932 0.389973 0.429034 0.482018 0.535893 0.535893 0.535898 0.581715 0.505373 0.429031 0.438328 0.564987 0.728921 0.805570 0.724986 0.679160 0.633335 0.633334 0.591573 0.549812 0.535893 0.563737 0.605498 0.686909 0.809294 0.855116 0.900938 0.900943 1.015795 1.130656 1.168949 1.224678 1.308277 1.391875 1.419738 1.336140 1.252541 1.168949 1.168949 1.168949
-9999 -9999 -9999 -9999 -9999 -9999 -9999 0.129814 0.107069 0.118965 0.118965 0.155166 0.191370 0.227574 0.264500 0.301787 0.339074 0.351503 0.314216 0.289359 0.289358 0.253153 0.216946 0.143455 0.143103 0.179305 0.215506 0.239644 0.239644 0.227578 0.191374 0.228657 0.265944 0.339435 0.363932 0.363932 0.389974 0.442957 0.523779 0.577654 0.577658 0.623480 0.669303 0.592962 0.602259 0.654395 0.781057 0.857706 0.759744 0.679160 0.633335 0.633335 0.633333 0.591572 0.577654 0.577654 0.605498 0.686909 0.847584 0.969975 1.015797 1.015802 1.015802 1.130656 1.168949 1.168949 1.224680 1.308278 1.391877 1.419737 1.336138 1.252540 1.168949 1.168949
-9999 -9999 -9999 -9999 -9999 -9999 -9999 -9999 0.099369 0.107068 0.118965 0.155166 0.191370 0.227574 0.264500 0.301787 0.339074 0.351503 0.314216 0.276929 0.252072 0.215867 0.179663 0.143455 0.143103 0.179305 0.215506 0.239644 0.239644 0.239644 0.227578 0.264861 0.302148 0.339435 0.363932 0.363932 0.363932 0.403897 0.484719 0.565541 0.619419 0.665241 0.711063 0.756885 0.766190 0.818327 0.870463 0.909841 0.811879 0.713917 0.633335 0.633335 0.633335 0.633332 0.619414 0.619414 0.619414 0.686909 0.847584 1.008258 1.130656 1.130661 1.130661 1.130661 1.168949 1.168949 1.168949 1.224682 1.308280 1.391879 1.419735 1.336137 1.252538 1.168949
-9999 -9999 -9999 -9999 -9999 -9999 -9999 -9999 -9999 0.089224 0.107067 0.155166 0.191370 0.227574 0.318378 0.355667 0.392954 0.366374 0.290080 0.252793 0.215509 0.203438 0.167234 0.131029 0.095174 0.131376 0.167578 0.215673 0.239644 0.239644 0.239644 0.204143 0.241430 0.278717 0.363932 0.363932 0.363932 0.363932 0.417818 0.498640 0.579467 0.679161 0.724983 0.770805 0.755538 0.807666 0.859802 0.867626 0.775378 0.677416 0.579454 0.663884 0.663884 0.663884 0.698641 0.698641 0.698641 0.698641 0.805768 0.966442 1.127117 1.168949 1.168949 1.168949 1.168949 1.168949 1.168949 1.168949 1.224682 1.308281 1.391875 1.364003 1.280405 1.196806
-9999 -9999 -9999 -9999 -9999 -9999 -9999 -9999 0.124572 0.081526 0.089223 0.107231 0.191370 0.227574 0.318378 0.436486 0.473776 0.447196 0.292883 0.216589 0.179304 0.179304 0.167234 0.131029 0.095170 0.059483 0.095683 0.143779 0.215673 0.239644 0.239644 0.167754 0.132249 0.169535 0.254752 0.363932 0.363932 0.363932 0.363932 0.417818 0.498645 0.625283 0.724983 0.770805 0.755538 0.709713 0.761840 0.769664 0.688842 0.596594 0.498632 0.625280 0.709710 0.709710 0.744470 0.796603 0.796603 0.796603 0.796603 0.903717 1.064392 1.127127 1.168949 1.168949 1.168949 1.168949 1.168949 1.168949 1.168949 1.224682 1.308276 1.308276 1.280405 1.196806
-9999 -9999 -9999 -9999 -9999 -9999 -9999 -9999 -9999 0.094127 0.071379 0.083279 0.143435 0.227574 0.318378 0.436486 0.554595 0.528019 0.373705 0.219392 0.143100 0.143100 0.143100 0.131029 0.095170 0.059483 0.023795 0.071884 0.143779 0.215673 0.239644 0.167754 0.095859 0.060354 0.145571 0.254752 0.363932 0.363932 0.363932 0.363932 0.417823 0.544461 0.671099 0.770805 0.755538 0.709713 0.663887 0.671702 0.590880 0.510058 0.417810 0.544458 0.671105 0.755536 0.790296 0.842432 0.894565 0.894565 0.894565 0.894565 1.001667 1.064402 1.127127 1.168949 1.168949 1.168949 1.168949 1.168949 1.168949 1.168949 1.224678 1.224678 1.224678 1.196806
-9999 -9999 -9999 -9999 -9999 -9999 -9999 -9999 -9999 -9999 -9999 0.071378 0.071542 0.179639 0.266935 0.385044 0.503153 0.581892 0.427584 0.273270 0.118967 0.131034 0.131034 0.131034 0.095170 0.059483 0.023795 0.011893 0.083783 0.155677 0.227571 0.204151 0.132256 0.060362 0.085809 0.194990 0.304171 0.406152 0.406152 0.406152 0.406147 0.475306 0.601944 0.728582 0.704096 0.658270 0.612445 0.633322 0.552519 0.471697 0.390875 0.528870 0.655518 0.782165 0.820844 0.872980 0.925117 0.927212 0.927212 0.927212 0.927212 0.969020 1.031745 1.094470 1.148039 1.148039 1.148039 1.148039 1.148039 1.148039 1.148039 1.148039 1.148039 1.148039
-9999 -9999 -9999 -9999 -9999 -9999 -9999 -9999 -9999 -9999 -9999 -9999 -9999 0.107746 0.167576 0.230734 0.348842 0.427582 0.427582 0.273270 0.118967 0.155171 0.167238 0.167238 0.119305 0.059483 0.023795 0.011893 0.047583 0.119473 0.191368 0.264859 0.241435 0.169541 0.171617 0.234051 0.343232 0.445214 0.532797 0.532797 0.532792 0.486970 0.556119 0.682757 0.622123 0.503960 0.458134 0.479012 0.633325 0.552518 0.471695 0.632382 0.770377 0.897024 0.897414 0.872980 0.925117 0.927207 0.829253 0.829252 0.829252 0.829252 0.871061 0.933786 1.020001 1.085315 1.085315 1.085315 1.085315 1.085315 1.085315 1.085315 1.085315 1.085315
-9999 -9999 -9999 -9999 -9999 -9999 -9999 -9999 -9999 -9999 -9999 -9999 -9999 0.035853 0.095683 0.131373 0.194532 0.273271 0.273271 0.273270 0.118967 0.155171 0.191376 0.203442 0.155508 0.083619 0.023795 0.011893 0.047583 0.083273 0.155164 0.228655 0.302146 0.278720 0.280796 0.319857 0.382292 0.484274 0.571860 0.659442 0.659437 0.613615 0.567793 0.636933 0.576298 0.421985 0.303824 0.324701 0.479015 0.633328 0.552516 0.713203 0.873890 1.011883 1.012273 0.949548 0.925117 0.927207 0.829253 0.731299 0.731292 0.731292 0.731292 0.773103 0.859317 0.957279 1.022591 1.022591 1.022591 1.022591 1.022591 1.022591 1.022591 1.022591
-9999 -9999 -9999 -9999 -9999 -9999 -9999 -9999 -9999 -9999 -9999 -9999 -9999 -9999 0.023791 0.059481 0.095171 0.118964 0.118964 0.118964 0.118968 0.155172 0.191376 0.227581 0.191713 0.119824 0.047935 0.011892 0.047582 0.083272 0.118962 0.192450 0.265941 0.339432 0.389968 0.429029 0.468090 0.523326 0.610913 0.698500 0.786074 0.740252 0.694430 0.648608 0.530474 0.376161 0.221847 0.170392 0.324705 0.479018 0.633332 0.794016 0.954703 1.115390 1.127127 1.064402 1.001677 0.927206 0.829252 0.731298 0.633344 0.633334 0.633334 0.633334 0.698639 0.796601 0.894563 0.959873 0.959873 0.959873 0.959873 0.959873 0.959873 0.959873
-9999 -9999 -9999 -9999 -9999 -9999 -9999 -9999 -9999 -9999 -9999 -9999 -9999 -9999 0.000000 0.023791 0.059481 0.083275 0.083275 -9999 -9999 0.192458 0.228663 0.264867 0.252072 0.191717 0.119828 0.047937 0.011893 0.047583 0.083273 0.083275 0.156762 0.230253 0.230956 0.245100 0.284161 0.310200 0.339399 0.426986 0.514564 0.514563 0.468741 0.422919 0.431430 0.340471 0.186158 0.107236 0.206599 0.360912 0.515225 0.591573 0.752259 0.912946 0.994343 0.966442 0.903717 0.847983 0.787492 0.689538 0.591583 0.591573 0.591573 0.591573 0.726528 0.859325 0.957286 1.050460 1.106193 1.106193 1.106193 1.106193 1.106193 1.106193
-9999 -9999 -9999 -9999 -9999 -9999 -9999 -9999 -9999 -9999 -9999 -9999 -9999 -9999 0.000000 0.000000 0.023792 0.047585 0.047587 -9999 -9999 0.211359 0.265949 0.302153 0.289358 0.252074 0.191721 0.119830 0.047936 0.011894 0.047584 0.047585 0.047585 0.121074 0.121777 0.086087 0.100232 0.126271 0.126271 0.155472 0.243050 0.243050 0.243050 0.197229 0.205741 0.241431 0.150469 0.071547 0.143441 0.242805 0.397118 0.473466 0.549815 0.710502 0.791899 0.833660 0.805757 0.750023 0.708265 0.647777 0.549823 0.549813 0.549813 0.549813 0.684768 0.887216 1.020010 1.113184 1.196783 1.252514 1.252514 1.252514 1.252514 1.252514
-9999 -9999 -9999 -9999 -9999 -9999 -9999 -9999 -9999 -9999 -9999 -9999 -9999 -9999 0.000000 0.000000 0.000000 0.011897 0.066488 0.121078 -9999 0.230259 0.284850 0.339439 0.326644 0.289360 0.252076 0.191723 0.119829 0.047935 0.011894 0.011896 0.011896 0.011896 0.012598 -0.023092 -0.058782 -0.057658 -0.057658 -0.057658 -0.028464 -0.028464 -0.028464 -0.028464 -0.019949 0.015742 0.051432 0.035857 0.107752 0.179646 0.279012 0.355359 0.431707 0.508058 0.589455 0.631216 0.672977 0.652063 0.610305 0.568547 0.508063 0.508053 0.508053 0.508053 0.643008 0.845455 1.047903 1.175908 1.259506 1.343105 1.398834 1.398834 1.398834 1.398834
-9999 -9999 -9999 -9999 -9999 -9999 -9999 -9999 -9999 -9999 -9999 -9999 -9999 -9999 -0.007925 -0.007931 -0.007931 -0.007931 0.040594 -9999 -9999 0.204365 0.258956 0.313546 -9999 0.277652 0.240368 0.203615 0.143792 0.071898 0.000004 0.000000 0.000000 0.000000 -0.000000 -0.035690 -0.071380 -0.095172 -0.095172 -0.095172 -0.095175 -0.118965 -0.118965 -0.118965 -0.095175 -0.059485 -0.023795 0.000000 0.047926 0.119820 0.191715 0.343833 0.420181 0.496528 0.521976 0.563737 0.605498 0.619411 0.577653 0.535895 0.494137 0.468092 0.468092 0.468092 0.468092 0.670530 0.872978 1.020963 1.089716 1.173314 1.256913 1.315300 1.315300 1.315300
-9999 -9999 -9999 -9999 -9999 -9999 -9999 -9999 -9999 -9999 -9999 -9999 -9999 -9999 0.052573 -0.019823 -0.019828 -0.019828 -9999 -9999 -9999 -9999 -9999 -9999 -9999 0.241448 0.204164 0.167411 0.131721 0.071898 0.000004 0.000000 0.000000 0.000000 0.000000 -0.000001 -0.035691 -0.059482 -0.059482 -0.059482 -0.059486 -0.095173 -0.118965 -0.118965 -0.095175 -0.059485 -0.023795 0.000000 0.000000 0.047927 0.119822 0.309825 0.461941 0.538289 0.563734 0.563737 0.605498 0.619411 0.577653 0.535895 0.494137 0.455076 0.429032 0.429032 0.429032 0.429032 0.631473 0.779459 0.818520 0.887274 0.970872 1.058459 1.116844 1.116844
-9999 -9999 -9999 -9999 -9999 -9999 -9999 -9999 -9999 -9999 -9999 -9999 -9999 -9999 0.137487 0.039940 -0.031721 -9999 -9999 -9999 -9999 -9999 -9999 -9999 -9999 0.193158 0.167960 0.131208 0.095518 0.059828 0.000004 0.000000 0.000000 0.000000 0.000000 0.000000 -0.000001 -0.023793 -0.023793 -0.023793 -0.023797 -0.059484 -0.095171 -0.118965 -0.095175 -0.059485 -0.023795 0.000000 0.000000 0.000000 0.047929 0.237932 0.427935 0.580049 0.605494 0.605494 0.605498 0.619411 0.577653 0.535895 0.494137 0.455076 0.416015 0.389972 0.389972 0.389972 0.389972 0.537955 0.577016 0.616077 0.684831 0.772418 0.860005 0.918388
-9999 -9999 -9999 -9999 -9999 -9999 -9999 -9999 -9999 -9999 -9999 -9999 -9999 -9999 -9999 -9999 -9999 -9999 -9999 -9999 -9999 -9999 -9999 -9999 -9999 0.144868 0.119670 0.107069 0.071382 0.035692 0.000002 -0.011896 -0.011896 -0.011896 0.000000 0.000000 0.000000 -0.011896 -0.011896 -0.011896 -0.011900 -0.047759 -0.083446 -0.119134 -0.107072 -0.071382 -0.035692 0.036387 0.036393 0.036393 0.036393 0.163063 0.353066 0.543070 0.606394 0.606394 0.606394 0.633331 0.591573 0.549815 0.508058 0.406787 0.367726 0.328664 0.327539 0.327539 0.327539 0.339435 0.378496 0.417557 0.456618 0.527080 0.614667 0.702254
-9999 -9999 -9999 -9999 -9999 -9999 -9999 -9999 -9999 -9999 -9999 -9999 -9999 -9999 -9999 -9999 -9999 -9999 -9999 -9999 -9999 -9999 -9999 -9999 -9999 0.096579 0.071380 0.071379 0.071379 0.035692 0.000002 -0.035688 -0.047586 -0.047586 -0.023792 0.000000 0.000000 -0.011899 -0.047586 -0.047586 -0.047590 -0.083791 -0.119650 -0.155337 -0.143104 -0.107071 -0.071381 0.000697 0.145568 0.145572 0.145572 0.145572 0.272246 0.462249 0.525574 0.525574 0.525574 0.552521 0.633334 0.591576 0.549818 0.324143 0.222857 0.183796 0.194565 0.218360 0.218360 0.230256 0.265946 0.305007 0.344068 0.380273 0.450736 0.538322
-9999 -9999 -9999 -9999 -9999 -9999 -9999 -9999 -9999 -9999 -9999 -9999 -9999 -9999 -9999 -9999 -9999 -9999 -9999 -9999 -9999 -9999 -9999 -9999 -9999 0.048289 0.035689 0.035690 0.035690 0.035690 0.000002 -0.035688 -0.071378 -0.083275 -0.059482 -0.023792 0.000000 -0.011899 -0.047589 -0.083275 -0.083279 -0.119480 -0.155682 -0.191541 -0.179308 -0.143103 -0.107070 -0.034992 0.109879 0.254750 0.254751 0.254751 0.254751 0.381428 0.444753 0.444753 0.444753 0.471700 0.552516 0.633332 0.591578 0.365903 0.140210 0.038928 0.049697 0.085387 0.109180 0.121077 0.156767 0.192457 0.231518 0.267723 0.303927 0.374391
-9999 -9999 -9999 -9999 -9999 -9999 -9999 -9999 -9999 -9999 -9999 -9999 -9999 -9999 -9999 -9999 -9999 -9999 -9999 -9999 -9999 -9999 -9999 -9999 0.025198 -0.000001 -0.000000 0.000000 0.000000 0.000000 0.000000 -0.035688 -0.071378 -0.107068 -0.095171 -0.059481 -0.023791 -0.011899 -0.047589 -0.083279 -0.118968 -0.155170 -0.191371 -0.227573 -0.215511 -0.179307 -0.143103 -0.070682 0.074190 0.219061 0.363930 0.363930 0.363930 0.363930 0.363933 0.363933 0.363933 0.390880 0.471695 0.552511 0.633327 0.407664 0.181970 -0.043723 -0.095172 -0.059482 -0.023792 0.011898 0.047588 0.083278 0.118968 0.155173 0.191377 0.227581
-9999 -9999 -9999 -9999 -9999 -9999 -9999 -9999 -9999 -9999 -9999 -9999 -9999 -9999 -9999 -9999 -9999 -9999 -9999 -9999 -9999 -9999 -9999 -0.024482 -0.023092 -0.035690 -0.023795 -0.023957 -0.071893 -0.071893 -0.071893 -0.035691 -0.071378 -0.107068 -0.118965 -0.095171 -0.059481 -0.035690 -0.047589 -0.083279 -0.118958 -0.047587 -0.083789 -0.119990 -0.155851 -0.143618 -0.107414 -0.059314 0.036903 0.181774 0.326645 0.363932 0.363932 0.363932 0.339072 0.326645 0.326645 0.314574 0.317383 0.398199 0.479015 0.407650 0.181971 -0.043722 -0.071382 -0.023794 0.011896 0.060187 0.121077 0.156767 0.192453 0.155171 0.191376 0.227580
-9999 -9999 -9999 -9999 -9999 -9999 -9999 -9999 -9999 -9999 -9999 -9999 -9999 -9999 -9999 -9999 -9999 -9999 -9999 -9999 -9999 -9999 -9999 -0.072772 -0.071380 -0.059483 -0.023795 -0.023957 -0.095852 -0.143788 -0.143788 -0.107585 -0.071381 -0.107068 -0.118965 -0.118965 -0.095171 -0.071380 -0.071380 -0.083279 -0.118958 -0.047583 0.023792 -0.012406 -0.048266 -0.083957 -0.071723 -0.023624 0.048270 0.144487 0.289359 0.326645 0.363932 0.363932 0.339072 0.301785 0.289359 0.277288 0.241086 0.243886 0.324702 0.253337 0.181957 -0.043722 -0.071382 -0.000002 0.047586 0.095877 0.169368 0.230258 0.265944 0.228658 0.191376 0.227580
-9999 -9999 -9999 -9999 -9999 -9999 -9999 -9999 -9999 -9999 -9999 -9999 -9999 -9999 -9999 -9999 -9999 -9999 -9999 -9999 -9999 -9999 0.004473 -0.115000 -0.095170 -0.059483 -0.023795 -0.023957 -0.095852 -0.167746 -0.215682 -0.179480 -0.143275 -0.107071 -0.118965 -0.118965 -0.118965 -0.107070 -0.107070 -0.107070 -0.118958 -0.047583 0.023792 0.095166 0.059318 0.023628 -0.012062 0.012066 0.083960 0.155855 0.252072 0.289359 0.326645 0.363932 0.339072 0.301785 0.264498 0.240001 0.203799 0.167598 0.170389 0.099024 0.027644 -0.043736 -0.071382 -0.000002 0.071378 0.131567 0.205058 0.278549 0.339435 0.302149 0.264862 0.227580
-9999 -9999 -9999 -9999 -9999 -9999 -9999 -9999 -9999 -9999 -9999 -9999 -9999 -9999 -9999 -9999 -9999 -9999 -9999 -9999 -9999 0.183729 -9999 -0.007425 -0.071376 -0.035688 -0.000001 0.011901 -0.047920 -0.119815 -0.191709 -0.179647 -0.143443 -0.107239 -0.071377 -0.071376 -0.071376 -0.083275 -0.095171 -0.095171 -0.095171 -0.071377 -0.000003 0.071372 0.118961 0.083280 0.047589 0.061306 0.146756 0.218650 0.290545 0.276931 0.314218 0.351505 0.314935 0.277648 0.240361 0.227578 0.215509 0.179307 0.143106 0.095181 0.023801 -0.047579 0.031491 0.102878 0.174258 0.207924 0.242995 0.316486 0.389971 0.351502 0.314215 0.276928
-9999 -9999 -9999 -9999 -9999 -9999 -9999 -9999 -9999 -9999 -9999 -9999 -9999 -9999 -9999 -9999 -9999 -9999 -9999 -9999 -9999 -9999 -9999 0.100158 0.036205 0.000003 0.035688 0.047591 0.011901 -0.047922 -0.119816 -0.119820 -0.107754 -0.071550 -0.035688 0.000002 0.000002 -0.011896 -0.047586 -0.059481 -0.059481 -0.059481 -0.035692 0.035683 0.083271 0.118961 0.083279 0.096995 0.209547 0.294997 0.366891 0.327830 0.314218 0.351505 0.314934 0.241444 0.204158 0.191374 0.227576 0.215511 0.179309 0.143105 0.095179 0.023799 0.102870 0.257183 0.328568 0.362234 0.320473 0.355546 0.429032 0.389971 0.351501 0.314214
