vietnam_big.asc
ncols  480
nrows  981
xllcorner  102.250
yllcorner  8.650
cellsize  0.01500
NODATA_value  -9999
[rows 66 to 98 of 981, columns 0 to 74 of 480]
-9999 0.523326 0.523326 0.523326 0.523326 0.523326 0.523326 0.537928 0.581721 0.625515 0.669308 0.713101 0.756895 0.794777 0.803461 0.803461 0.803461 0.803461 0.803461 0.803461 0.803461 0.860880 0.918311 0.975741 1.033172 1.090602 1.148033 1.158498 1.127135 1.095773 1.064410 1.033048 1.001686 0.970323 0.942490 0.916422 0.890354 0.864286 0.838218 0.812150 0.803464 0.829532 0.855600 0.881668 0.907736 0.933804 0.959869 0.943533 0.894556 0.845579 0.796602 0.747625 0.698647 0.665985 0.665985 0.688895 0.711808 0.734721 0.757633 0.780546 0.803459 0.759672 0.715879 0.672086 0.628292 0.584499 0.540706 0.547663 0.568544 0.589424 0.610305 0.631185 0.652066 0.665985 0.652063
0.487622 0.494133 0.494133 0.494133 0.494133 0.494133 0.494133 0.481409 0.525203 0.568996 0.612789 0.656583 0.700376 0.744169 0.758758 0.758758 0.758758 0.758758 0.758758 0.758758 0.758758 0.790996 0.848427 0.905857 0.963288 1.020718 1.078149 1.135195 1.103845 1.072483 1.041120 1.009758 0.978395 0.947033 0.951181 0.925113 0.899044 0.872976 0.846908 0.820840 0.794768 0.788865 0.814933 0.841001 0.867069 0.893137 0.919205 0.923846 0.874869 0.825891 0.776914 0.727937 0.678960 0.629983 0.627494 0.650407 0.673320 0.696233 0.719146 0.742058 0.764971 0.742295 0.698502 0.654709 0.610915 0.567122 0.523329 0.487623 0.508502 0.529382 0.550263 0.571143 0.592024 0.612904 0.612901
0.468092 0.487623 0.494133 0.494133 0.494133 0.494133 0.494133 0.481405 0.443237 0.487030 0.530824 0.574617 0.618410 0.662204 0.676792 0.676792 0.676792 0.676792 0.676792 0.676792 0.676792 0.658694 0.690930 0.748360 0.805791 0.863221 0.920652 0.977698 1.033974 1.002623 0.971260 0.939898 0.908535 0.877173 0.913293 0.951180 0.925112 0.899044 0.872976 0.846908 0.820835 0.750974 0.745073 0.771141 0.797209 0.823277 0.849345 0.853987 0.815815 0.766838 0.717861 0.668884 0.619907 0.570930 0.567019 0.587085 0.609997 0.632910 0.655823 0.678736 0.701648 0.721179 0.698502 0.654709 0.610915 0.567122 0.523329 0.487623 0.468092 0.488972 0.509853 0.530733 0.551614 0.572494 0.579452
0.448562 0.468092 0.487623 0.494133 0.494133 0.494133 0.494133 0.481405 0.443231 0.405065 0.448858 0.492651 0.536445 0.580238 0.594827 0.594827 0.594827 0.594827 0.594827 0.594827 0.594827 0.576728 0.558626 0.590863 0.648294 0.705724 0.763155 0.820201 0.876477 0.932753 0.901400 0.870038 0.838675 0.807313 0.843433 0.913294 0.951180 0.925112 0.899043 0.872975 0.846903 0.777041 0.707180 0.701281 0.727349 0.753417 0.779485 0.784127 0.745956 0.707785 0.658808 0.609830 0.560853 0.511876 0.507966 0.526609 0.546675 0.569587 0.592500 0.615413 0.638326 0.657857 0.677387 0.654709 0.610915 0.567122 0.523329 0.487623 0.468092 0.448562 0.469442 0.490323 0.511203 0.532084 0.539042
0.429032 0.448562 0.468093 0.487623 0.494133 0.494133 0.494133 0.481405 0.443231 0.405057 0.366892 0.410686 0.454479 0.498272 0.512861 0.512861 0.512861 0.512861 0.512861 0.512861 0.512861 0.494763 0.476660 0.458558 0.490797 0.548227 0.605658 0.662704 0.718980 0.775256 0.831532 0.800177 0.768815 0.737453 0.773573 0.843434 0.913295 0.951179 0.925111 0.899043 0.872970 0.803109 0.733248 0.663386 0.657489 0.683557 0.709625 0.714267 0.676096 0.637925 0.599754 0.550777 0.501800 0.452823 0.448912 0.467556 0.486199 0.506265 0.529178 0.552090 0.575003 0.594534 0.614065 0.633595 0.610915 0.567122 0.523329 0.487623 0.468092 0.448562 0.429032 0.449912 0.470793 0.491674 0.498632
0.409501 0.429032 0.448563 0.468093 0.487624 0.494133 0.494133 0.481405 0.443231 0.405057 0.366883 0.328720 0.372513 0.416307 0.430895 0.430895 0.430895 0.430895 0.430895 0.430895 0.430895 0.412797 0.394695 0.376593 0.358490 0.390731 0.448161 0.505207 0.561483 0.617759 0.674035 0.730311 0.698955 0.667592 0.703713 0.773574 0.843435 0.913297 0.951179 0.925111 0.899038 0.829177 0.759315 0.689454 0.619592 0.613697 0.639765 0.644407 0.606236 0.568065 0.529894 0.491723 0.442747 0.393770 0.389859 0.408502 0.427146 0.445789 0.465855 0.488768 0.511680 0.531211 0.550742 0.570272 0.589803 0.567122 0.523329 0.487623 0.468092 0.448562 0.429031 0.409502 0.430383 0.451263 0.458221
0.389971 0.409502 0.429032 0.448563 0.468093 0.487624 0.494133 0.481405 0.443231 0.405057 0.366883 0.328709 0.290548 0.334341 0.348930 0.348930 0.348930 0.348930 0.348930 0.348930 0.348930 0.330831 0.312729 0.294627 0.276525 0.258423 0.290664 0.347710 0.403986 0.460262 0.516538 0.572814 0.629090 0.597732 0.633852 0.703714 0.773575 0.843437 0.913298 0.951178 0.925106 0.855244 0.785383 0.715521 0.645660 0.575799 0.569905 0.574547 0.536376 0.498205 0.460034 0.421863 0.383692 0.334716 0.330806 0.349449 0.368092 0.386736 0.405379 0.425445 0.448358 0.467889 0.487419 0.506950 0.526480 0.546011 0.523329 0.487623 0.468092 0.448562 0.429031 0.409501 0.389972 0.410853 0.417811
0.370441 0.389972 0.409502 0.429033 0.448563 0.468094 0.487624 0.481405 0.443231 0.405057 0.366883 0.328709 0.290535 0.252375 0.266964 0.266964 0.266964 0.266964 0.266964 0.266964 0.266964 0.248866 0.230763 0.212661 0.194559 0.176457 0.158355 0.190213 0.246489 0.302765 0.359041 0.415317 0.471593 0.527869 0.563992 0.633854 0.703715 0.773577 0.843438 0.913299 0.951173 0.881312 0.811450 0.741589 0.671728 0.601866 0.532005 0.504687 0.466516 0.428345 0.390174 0.352003 0.313832 0.275661 0.271752 0.290396 0.309039 0.327682 0.346326 0.364969 0.385035 0.404566 0.424097 0.443627 0.463158 0.482688 0.502219 0.487623 0.468092 0.448562 0.429031 0.409501 0.389970 0.370443 0.377401
-9999 0.346609 0.352454 0.371984 0.391515 0.411046 0.430576 0.450107 0.431162 0.392988 0.354815 0.316641 0.278467 0.240293 0.227576 0.227576 0.227576 0.227576 0.227576 0.227576 0.227576 0.233614 0.215512 0.197410 0.179308 0.161205 0.143103 0.137246 0.180974 0.237250 0.293526 0.349802 0.406078 0.462354 0.481113 0.550973 0.620835 0.690696 0.760557 0.830419 0.900269 0.852482 0.782621 0.712759 0.642898 0.573037 0.503175 0.462652 0.443231 0.405060 0.366889 0.328718 0.290547 0.252376 0.227580 0.246215 0.264859 0.283502 0.302145 0.320789 0.339432 0.370440 0.389970 0.409501 0.429031 0.448562 0.468092 0.487623 0.481113 0.461583 0.442052 0.422521 0.402991 0.383460 0.376952
-9999 -9999 0.331387 0.309863 0.315710 0.335240 0.354771 0.374301 0.393832 0.374887 0.336713 0.298539 0.260365 0.222191 0.209474 0.209474 0.209474 0.209474 0.209474 0.209474 0.209474 0.227573 0.233614 0.215512 0.197409 0.179307 0.161205 0.155348 0.173991 0.217719 0.273995 0.330272 0.386548 0.442824 0.461582 0.461583 0.531444 0.601306 0.671167 0.741029 0.810879 0.774134 0.726346 0.656484 0.586623 0.516762 0.446900 0.406377 0.424478 0.405060 0.366889 0.328718 0.290547 0.252376 0.227580 0.209478 0.228114 0.246757 0.265401 0.284044 0.302687 0.339431 0.370440 0.389970 0.409501 0.429032 0.448562 0.468093 0.487623 0.481113 0.461582 0.442052 0.422521 0.402991 0.396482
-9999 -9999 0.343714 0.316164 0.294641 0.273118 0.278966 0.298496 0.318027 0.337557 0.318611 0.280437 0.242263 0.204089 0.191372 0.191372 0.191372 0.191372 0.191372 0.191372 0.191372 0.209471 0.227573 0.233613 0.215511 0.197409 0.179307 0.173450 0.192093 0.210736 0.254465 0.310741 0.367017 0.423294 0.442052 0.442052 0.442054 0.511915 0.581777 0.651638 0.721489 0.684743 0.647998 0.600209 0.530348 0.460487 0.390625 0.350102 0.368203 0.386304 0.366889 0.328718 0.290547 0.252376 0.227580 0.209478 0.191376 0.210012 0.228656 0.247299 0.265943 0.302686 0.339432 0.370440 0.389971 0.409501 0.429032 0.448562 0.468093 0.487624 0.481112 0.461582 0.442051 0.422521 0.416013
-9999 -9999 -9999 -9999 -9999 -9999 0.257895 0.236372 0.242222 0.261752 0.281283 0.262335 0.224161 0.185987 0.173270 0.173270 0.173270 0.173270 0.173270 0.173270 0.173270 0.191369 0.209471 0.227573 0.233613 0.215511 0.197409 0.191551 0.210195 0.228838 0.247482 0.291211 0.347487 0.403763 0.422522 0.422522 0.422522 0.422525 0.492387 0.562248 0.632099 0.595353 0.558608 0.521862 0.474073 0.404212 0.334350 0.293827 0.311928 0.330029 0.348130 0.328718 0.290547 0.252376 0.227580 0.209478 0.191376 0.173273 0.191911 0.210554 0.229198 0.265941 0.302687 0.339432 0.370441 0.389971 0.409502 0.429032 0.448563 0.468093 0.487624 0.481112 0.461581 0.442051 0.435543
-9999 -9999 -9999 -9999 -9999 -9999 0.264196 0.242673 0.221150 0.199626 0.205478 0.225008 0.206059 0.167886 0.155169 0.155169 0.155169 0.155169 0.155169 0.155169 0.155169 0.173267 0.191369 0.209471 0.227574 0.233613 0.215511 0.209653 0.228297 0.246940 0.265583 0.284227 0.327957 0.384233 0.402992 0.402992 0.402992 0.402992 0.402996 0.472858 0.542708 0.505963 0.469217 0.432472 0.395726 0.347937 0.278075 0.237552 0.255653 0.273754 0.291855 0.309955 0.290547 0.252376 0.227580 0.209478 0.191376 0.173273 0.155171 0.173809 0.192453 0.229197 0.265942 0.302688 0.339433 0.370441 0.389972 0.409502 0.429033 0.448563 0.468094 0.487624 0.481112 0.461581 0.455073
-9999 -9999 -9999 -9999 -9999 -9999 -9999 -9999 0.227450 0.205927 0.184404 0.162881 0.168733 0.149784 0.137067 0.137067 0.137067 0.137067 0.137067 0.137067 0.137067 0.155165 0.173267 0.191370 0.209472 0.227574 0.233612 0.227755 0.246398 0.265042 0.283685 0.302329 0.320972 0.364703 0.383462 0.383462 0.383462 0.383462 0.383462 0.383468 0.453318 0.416573 0.379827 0.343081 0.306336 0.269590 0.221800 0.181277 0.199378 0.217479 0.235580 0.253680 0.271781 0.252376 0.227580 0.209478 0.191376 0.173273 0.155171 0.137069 0.155708 0.192452 0.229197 0.265943 0.302688 0.339434 0.370441 0.389972 0.409502 0.429033 0.448564 0.468094 0.487625 0.481111 0.474603
-9999 -9999 -9999 -9999 -9999 -9999 -9999 -9999 -9999 0.212228 0.190705 0.169181 0.147658 0.126135 0.118965 0.118965 0.118965 0.118965 0.118965 0.118965 0.118965 0.137064 0.155166 0.173268 0.191370 0.209472 0.227574 0.245857 0.264500 0.283144 0.301787 0.320430 0.339074 0.357717 0.363932 0.363932 0.363932 0.363932 0.363932 0.363932 0.363928 0.327182 0.290437 0.253691 0.216946 0.180200 0.143455 0.125002 0.143103 0.161204 0.179305 0.197405 0.215506 0.233607 0.227580 0.209478 0.191376 0.173273 0.155171 0.137069 0.118967 0.155707 0.192452 0.229198 0.265943 0.302689 0.339435 0.370442 0.389972 0.409503 0.429033 0.448564 0.468094 0.487625 0.494133
-9999 -9999 -9999 -9999 -9999 -9999 -9999 -9999 -9999 0.218528 0.197005 0.175482 0.153959 0.132436 0.115993 0.118965 0.118965 0.118965 0.118965 0.118965 0.118965 0.137064 0.155166 0.173268 0.191370 0.209472 0.227574 0.245857 0.264500 0.283144 0.301787 0.320430 0.339074 0.357717 0.351503 0.345289 0.345289 0.345289 0.345289 0.345289 0.345287 0.327182 0.290437 0.253691 0.216946 0.180200 0.143455 0.125002 0.143103 0.161204 0.179305 0.197405 0.215506 0.233607 0.239644 0.227579 0.209477 0.191375 0.173273 0.155171 0.137069 0.155708 0.192452 0.229198 0.265943 0.302689 0.339435 0.363932 0.370442 0.389973 0.409503 0.429034 0.448564 0.468095 0.501548
-9999 -9999 -9999 -9999 -9999 -9999 -9999 -9999 -9999 -9999 -9999 -9999 0.160259 0.138736 0.117213 0.115992 0.118965 0.118965 0.118965 0.118965 0.118965 0.137064 0.155166 0.173268 0.191370 0.209472 0.227574 0.245857 0.264500 0.283144 0.301787 0.320430 0.339074 0.357717 0.351503 0.332859 0.326646 0.326646 0.326646 0.326646 0.326644 0.308542 0.290437 0.253691 0.216946 0.180200 0.143455 0.125002 0.143103 0.161204 0.179305 0.197405 0.215506 0.233607 0.239644 0.239644 0.227579 0.209477 0.191375 0.173273 0.155171 0.173810 0.192454 0.229198 0.265943 0.302689 0.339435 0.363932 0.363932 0.370443 0.389973 0.409504 0.429034 0.448565 0.482018
-9999 -9999 -9999 -9999 -9999 -9999 -9999 -9999 -9999 -9999 -9999 -9999 -9999 0.145037 0.123514 0.107070 0.115991 0.118965 0.118965 0.118965 0.118965 0.137064 0.155166 0.173268 0.191370 0.209472 0.227574 0.245857 0.264500 0.283144 0.301787 0.320430 0.339074 0.357717 0.351503 0.332859 0.314216 0.308003 0.308003 0.308003 0.308001 0.289899 0.271796 0.253691 0.216946 0.180200 0.143455 0.125002 0.143103 0.161204 0.179305 0.197405 0.215506 0.233607 0.239644 0.239644 0.239644 0.227579 0.209477 0.191374 0.173272 0.191912 0.210555 0.229199 0.265943 0.302689 0.339435 0.363932 0.363932 0.363932 0.370443 0.389973 0.409504 0.429035 0.462488
-9999 -9999 -9999 -9999 -9999 -9999 -9999 -9999 -9999 -9999 -9999 -9999 -9999 0.151338 0.129814 0.108291 0.107069 0.115991 0.118965 0.118965 0.118965 0.137064 0.155166 0.173268 0.191370 0.209472 0.227574 0.245857 0.264500 0.283144 0.301787 0.320430 0.339074 0.357717 0.351503 0.332859 0.314216 0.295573 0.289359 0.289359 0.289358 0.271255 0.253153 0.235051 0.216946 0.180200 0.143455 0.125002 0.143103 0.161204 0.179305 0.197405 0.215506 0.233607 0.239644 0.239644 0.239644 0.239644 0.227578 0.209476 0.191374 0.210014 0.228657 0.247301 0.265944 0.302689 0.339435 0.363932 0.363932 0.363932 0.363932 0.370443 0.389974 0.409504 0.442957
-9999 -9999 -9999 -9999 -9999 -9999 -9999 -9999 -9999 -9999 -9999 -9999 -9999 0.157638 0.136115 0.114592 0.098147 0.107069 0.115990 0.118965 0.118965 0.137064 0.155166 0.173268 0.191370 0.209472 0.227574 0.245857 0.264500 0.283144 0.301787 0.320430 0.339074 0.357717 0.351503 0.332859 0.314216 0.295573 0.276929 0.270716 0.270715 0.252612 0.234510 0.216408 0.198306 0.180200 0.143455 0.125002 0.143103 0.161204 0.179305 0.197405 0.215506 0.233607 0.239644 0.239644 0.239644 0.239644 0.239644 0.227578 0.209476 0.228116 0.246759 0.265402 0.284046 0.302689 0.339435 0.363932 0.363932 0.363932 0.363932 0.363932 0.370444 0.389974 0.423427
-9999 -9999 -9999 -9999 -9999 -9999 -9999 -9999 -9999 -9999 -9999 -9999 -9999 -9999 -9999 0.120893 0.099369 0.098147 0.107068 0.115990 0.118965 0.137064 0.155166 0.173268 0.191370 0.209472 0.227574 0.245857 0.264500 0.283144 0.301787 0.320430 0.339074 0.357717 0.351503 0.332859 0.314216 0.295573 0.276929 0.258286 0.252072 0.233969 0.215867 0.197765 0.179663 0.161561 0.143455 0.125002 0.143103 0.161204 0.179305 0.197405 0.215506 0.233607 0.239644 0.239644 0.239644 0.239644 0.239644 0.239644 0.227578 0.246217 0.264861 0.283504 0.302148 0.320791 0.339435 0.363932 0.363932 0.363932 0.363932 0.363932 0.363932 0.370444 0.403897
-9999 -9999 -9999 -9999 -9999 -9999 -9999 -9999 -9999 -9999 -9999 -9999 -9999 -9999 -9999 -9999 0.105670 0.089225 0.098146 0.107068 0.115989 0.137064 0.155166 0.173268 0.191370 0.209472 0.227574 0.259323 0.277970 0.296613 0.315256 0.333900 0.352543 0.371186 0.345469 0.326826 0.308182 0.289539 0.270896 0.252252 0.233611 0.221540 0.203438 0.185336 0.167234 0.149132 0.131029 0.113021 0.131122 0.149222 0.167323 0.185424 0.203525 0.221625 0.239644 0.239644 0.239644 0.239644 0.239644 0.239644 0.239644 0.240090 0.258734 0.277377 0.296020 0.314664 0.333307 0.363932 0.363932 0.363932 0.363932 0.363932 0.363932 0.363932 0.377407
-9999 -9999 -9999 -9999 -9999 -9999 -9999 -9999 -9999 -9999 -9999 -9999 -9999 -9999 -9999 -9999 -9999 -9999 0.089224 0.098146 0.107067 0.125075 0.155166 0.173268 0.191370 0.209472 0.227574 0.259323 0.318378 0.337024 0.355667 0.374311 0.392954 0.411598 0.366374 0.308724 0.290080 0.271437 0.252793 0.234150 0.215509 0.215509 0.203438 0.185336 0.167234 0.149132 0.131029 0.113014 0.095174 0.113275 0.131376 0.149477 0.167578 0.185678 0.215673 0.239644 0.239644 0.239644 0.239644 0.239644 0.239644 0.203701 0.204143 0.222786 0.241430 0.260073 0.278717 0.309342 0.363932 0.363932 0.363932 0.363932 0.363932 0.363932 0.363932
-9999 -9999 -9999 -9999 -9999 -9999 -9999 -9999 -9999 -9999 -9999 -9999 -9999 -9999 -9999 -9999 -9999 -9999 0.080302 0.089224 0.098145 0.101124 0.143177 0.173268 0.191370 0.209472 0.227574 0.259323 0.318378 0.377432 0.396078 0.414722 0.433365 0.452009 0.406785 0.329629 0.271978 0.253335 0.234691 0.216048 0.197406 0.197406 0.197406 0.185336 0.167234 0.149132 0.131029 0.113014 0.095170 0.077328 0.095429 0.113530 0.131630 0.149731 0.179726 0.215673 0.239644 0.239644 0.239644 0.239644 0.239644 0.203701 0.167754 0.168196 0.186839 0.205483 0.224126 0.254752 0.309342 0.363932 0.363932 0.363932 0.363932 0.363932 0.363932
-9999 -9999 -9999 -9999 -9999 -9999 -9999 -9999 -9999 -9999 -9999 -9999 -9999 -9999 -9999 -9999 0.124572 0.103049 0.081526 0.080302 0.089223 0.098145 0.107231 0.161279 0.191370 0.209472 0.227574 0.259323 0.318378 0.377432 0.436486 0.455133 0.473776 0.492420 0.447196 0.370040 0.292883 0.235232 0.216589 0.197946 0.179304 0.179304 0.179304 0.179304 0.167234 0.149132 0.131029 0.113014 0.095170 0.077326 0.059483 0.077582 0.095683 0.113784 0.143779 0.179726 0.215673 0.239644 0.239644 0.239644 0.239644 0.203701 0.167754 0.131806 0.132249 0.150892 0.169535 0.200161 0.254752 0.309342 0.363932 0.363932 0.363932 0.363932 0.363932
-9999 -9999 -9999 -9999 -9999 -9999 -9999 -9999 -9999 -9999 -9999 -9999 -9999 -9999 -9999 -9999 -9999 0.109349 0.087826 0.071380 0.080301 0.089223 0.083279 0.125333 0.179381 0.209472 0.227574 0.259323 0.318378 0.377432 0.436486 0.495541 0.514187 0.532831 0.487607 0.410451 0.333294 0.256138 0.198487 0.179844 0.161202 0.161202 0.161202 0.161202 0.161202 0.149132 0.131029 0.113014 0.095170 0.077326 0.059483 0.041639 0.059736 0.077837 0.107832 0.143779 0.179726 0.215673 0.239644 0.239644 0.239644 0.203701 0.167754 0.131806 0.095859 0.096302 0.114945 0.145571 0.200161 0.254752 0.309342 0.363932 0.363932 0.363932 0.363932
-9999 -9999 -9999 -9999 -9999 -9999 -9999 -9999 -9999 -9999 -9999 -9999 -9999 -9999 -9999 -9999 -9999 -9999 0.094127 0.072604 0.071379 0.080301 0.083279 0.089386 0.143435 0.197484 0.227574 0.259323 0.318378 0.377432 0.436486 0.495541 0.554595 0.573242 0.528019 0.450862 0.373705 0.296549 0.219392 0.161741 0.143100 0.143100 0.143100 0.143100 0.143100 0.143100 0.131029 0.113014 0.095170 0.077326 0.059483 0.041639 0.023795 0.041890 0.071884 0.107832 0.143779 0.179726 0.215673 0.239644 0.239644 0.203701 0.167754 0.131806 0.095859 0.059912 0.060354 0.090980 0.145571 0.200161 0.254752 0.309342 0.363932 0.363932 0.363932
-9999 -9999 -9999 -9999 -9999 -9999 -9999 -9999 -9999 -9999 -9999 -9999 -9999 -9999 -9999 -9999 -9999 -9999 -9999 -9999 0.062457 0.071378 0.080300 0.065434 0.107488 0.161537 0.215586 0.259323 0.318378 0.377432 0.436486 0.495541 0.554595 0.613650 0.568430 0.491273 0.414116 0.336960 0.259803 0.182647 0.124998 0.124998 0.124998 0.124998 0.124998 0.124998 0.124998 0.113014 0.095170 0.077326 0.059483 0.041639 0.023795 0.005952 0.035937 0.071884 0.107832 0.143779 0.179726 0.215673 0.239644 0.203701 0.167754 0.131806 0.095859 0.059912 0.023965 0.036390 0.090980 0.145571 0.200161 0.254752 0.309342 0.363932 0.363932
-9999 -9999 -9999 -9999 -9999 -9999 -9999 -9999 -9999 -9999 -9999 -9999 -9999 -9999 -9999 -9999 -9999 -9999 -9999 -9999 -9999 0.062456 0.071378 0.065434 0.071542 0.125591 0.179639 0.221624 0.266935 0.325989 0.385044 0.444098 0.503153 0.562207 0.581892 0.504740 0.427584 0.350427 0.273270 0.196114 0.118967 0.131034 0.131034 0.131034 0.131034 0.131034 0.131034 0.119046 0.095170 0.077326 0.059483 0.041639 0.023795 0.005952 0.011893 0.047835 0.083783 0.119730 0.155677 0.191624 0.227571 0.240098 0.204151 0.168204 0.132256 0.096309 0.060362 0.042907 0.085809 0.140400 0.194990 0.249581 0.304171 0.358762 0.406152
-9999 -9999 -9999 -9999 -9999 -9999 -9999 -9999 -9999 -9999 -9999 -9999 -9999 -9999 -9999 -9999 -9999 -9999 -9999 -9999 -9999 -9999 -9999 0.065434 0.047589 0.089644 0.143693 0.185677 0.203522 0.248834 0.307889 0.366943 0.425998 0.485052 0.504737 0.504737 0.427584 0.350427 0.273270 0.196114 0.118967 0.137069 0.149136 0.149136 0.149136 0.149136 0.149136 0.137147 0.101203 0.077326 0.059483 0.041639 0.023795 0.005952 0.011893 0.029738 0.065681 0.101628 0.137575 0.173522 0.209470 0.246215 0.258740 0.222793 0.186846 0.150899 0.114952 0.097497 0.117027 0.159930 0.214520 0.269111 0.323701 0.378292 0.425683
-9999 -9999 -9999 -9999 -9999 -9999 -9999 -9999 -9999 -9999 -9999 -9999 -9999 -9999 -9999 -9999 -9999 -9999 -9999 -9999 -9999 -9999 -9999 -9999 -9999 0.053698 0.107746 0.149731 0.167576 0.185421 0.230734 0.289788 0.348842 0.407897 0.427582 0.427582 0.427582 0.350427 0.273270 0.196114 0.118967 0.137069 0.155171 0.167238 0.167238 0.167238 0.167238 0.155249 0.119305 0.083360 0.059483 0.041639 0.023795 0.005952 0.011893 0.029738 0.047583 0.083526 0.119473 0.155421 0.191368 0.228113 0.264859 0.277383 0.241435 0.205488 0.169541 0.152086 0.171617 0.191148 0.234051 0.288641 0.343232 0.397822 0.445214
-9999 -9999 -9999 -9999 -9999 -9999 -9999 -9999 -9999 -9999 -9999 -9999 -9999 -9999 -9999 -9999 -9999 -9999 -9999 -9999 -9999 -9999 -9999 -9999 -9999 0.029744 0.071800 0.113784 0.131629 0.149474 0.167319 0.212633 0.271687 0.330742 0.350427 0.350427 0.350427 0.350427 0.273270 0.196114 0.118967 0.137069 0.155171 0.173273 0.185340 0.185340 0.185340 0.173351 0.137407 0.101462 0.065518 0.041639 0.023795 0.005952 0.011893 0.029738 0.047583 0.065428 0.101372 0.137319 0.173266 0.210011 0.246757 0.283502 0.296025 0.260078 0.224131 0.206676 0.226206 0.245737 0.265268 0.308171 0.362762 0.417352 0.464744
-9999 -9999 -9999 -9999 -9999 -9999 -9999 -9999 -9999 -9999 -9999 -9999 -9999 -9999 -9999 -9999 -9999 -9999 -9999 -9999 -9999 -9999 -9999 -9999 -9999 0.029744 0.035853 0.077838 0.095683 0.113528 0.131373 0.149218 0.194532 0.253587 0.273271 0.273271 0.273271 0.273271 0.273270 0.196114 0.118967 0.137069 0.155171 0.173273 0.191376 0.203442 0.203442 0.191453 0.155508 0.119564 0.083619 0.047675 0.023795 0.005952 0.011893 0.029738 0.047583 0.065428 0.083273 0.119217 0.155164 0.191910 0.228655 0.265401 0.302146 0.314667 0.278720 0.261265 0.280796 0.300327 0.319857 0.339388 0.382292 0.436883 0.484274
