vietnam.asc
ncols  240
nrows  491
xllcorner  102.250
yllcorner  8.650
cellsize  0.03000
NODATA_value  -9999
[rows 396 to 428 of 491, columns 148 to 221 of 240]
0.871067 0.969029 0.959869 0.907733 0.855596 0.820841 0.897421 1.012282 1.127133 1.106220 1.043500 0.980780 0.959869 0.959869 0.959869 0.959869 0.959869 0.959869 0.959869 0.959869 0.959869 0.959869 1.001684 1.001684 1.001684 0.980771 0.959869 0.959869 0.959869 0.942495 0.890359 0.838223 0.786087 0.838218 0.890354 0.925112 0.925112 0.925112 0.925112 0.946024 1.008749 1.071474 1.092371 1.029650 0.966930 0.909842 0.936373 0.999098 1.061823 1.127133 1.127133 1.127133 1.168949 1.168949 1.168949 1.168949 1.168949 1.168949 1.168949 1.130653 1.015801 0.900948 0.786096 0.786084 0.786084 0.803459 0.820841 0.820841 0.820841 0.786084 0.786084 0.786084 0.820841 0.820841
0.763945 0.861907 0.959869 0.907733 0.855596 0.803460 0.841756 0.956617 1.071478 1.148036 1.085316 1.022595 0.959875 0.959869 0.959869 0.959869 0.959869 0.959869 0.959869 0.959869 0.959869 0.959869 0.959872 0.980777 0.980777 0.980777 0.942490 0.942490 0.942490 0.942490 0.890359 0.838223 0.786087 0.838218 0.890354 0.942490 0.980777 0.980777 0.980777 0.980780 1.043505 1.106230 1.168942 1.106222 1.043502 0.980782 1.001679 1.064404 1.127129 1.148044 1.148040 1.148040 1.148040 1.130661 1.130661 1.130661 1.130661 1.130661 1.130661 1.130653 1.015801 0.900948 0.786096 0.786084 0.786084 0.786084 0.786084 0.786084 0.786084 0.786084 0.786084 0.786084 0.786084 0.786084
0.763947 0.861907 0.959869 0.907733 0.855596 0.803460 0.820844 0.893892 1.008754 1.085316 1.085316 1.022595 0.959875 0.959869 0.959869 0.959869 0.959869 0.959869 0.959869 0.959869 0.959869 0.959869 0.959872 1.022597 1.043502 1.043502 0.966922 0.890354 0.890354 0.890354 0.890354 0.838223 0.786087 0.838218 0.890354 0.942490 1.001686 1.043502 1.043502 1.043502 1.043505 1.106230 1.168942 1.106222 1.043502 0.980782 1.001679 1.064404 1.127129 1.148044 1.085319 1.085316 1.085316 1.033180 1.015801 1.015801 1.015801 1.015801 1.015801 1.015801 1.015801 0.900948 0.786096 0.786084 0.786084 0.786084 0.786084 0.786084 0.786084 0.786084 0.786084 0.786084 0.786084 0.786084
0.809772 0.861909 0.959869 0.907733 0.855596 0.803460 0.820844 0.872980 0.946029 1.022592 1.022592 1.022592 0.959875 0.959869 0.959869 0.959869 0.959869 0.959869 0.959869 0.959869 0.959869 0.959869 0.959872 1.022597 1.085322 1.106226 1.029646 0.914794 0.838219 0.838219 0.838219 0.838219 0.786087 0.838218 0.890354 0.942490 1.001686 1.064410 1.106226 1.106226 1.106226 1.106230 1.168942 1.106222 1.043502 0.980782 1.001679 1.064404 1.127129 1.148044 1.085319 1.022594 1.022592 0.970455 0.918319 0.900941 0.900941 0.900941 0.900941 0.900941 0.900941 0.900941 0.786096 0.786084 0.786084 0.786084 0.786084 0.786084 0.786084 0.786084 0.786084 0.786084 0.786084 0.786084
0.855596 0.907733 0.959869 0.907734 0.855598 0.803462 0.820843 0.872979 0.925115 0.959869 0.959869 0.959869 0.959869 0.959869 0.959869 0.959869 0.959865 0.959865 0.959865 0.959869 0.959869 0.959869 0.959870 1.022595 1.085320 1.148045 1.092369 0.977517 0.862664 0.786085 0.786085 0.786085 0.786085 0.838218 0.890354 0.942490 1.001684 1.064409 1.127134 1.168947 1.168947 1.168947 1.168944 1.106224 1.043504 0.980784 1.001679 1.064404 1.127129 1.148042 1.085317 1.022592 0.959868 0.907733 0.855596 0.803460 0.786084 0.786084 0.786084 0.786084 0.786084 0.786084 0.786084 0.786084 0.786084 0.786084 0.786084 0.786084 0.786084 0.786084 0.786084 0.786084 0.786084 0.786084
0.855596 0.907733 0.959869 0.959869 0.907733 0.855597 0.803461 0.820844 0.872980 0.925115 0.959869 0.959869 0.959869 0.959869 0.959869 0.959869 0.866727 0.820145 0.820145 0.866719 0.959869 0.959869 0.959869 0.959872 1.022597 1.085322 1.071463 0.977517 0.862664 0.803458 0.838221 0.838221 0.838221 0.838221 0.890354 0.942490 0.959869 1.001685 1.064410 1.106223 1.106223 1.106223 1.106230 1.168948 1.106227 1.043507 1.022594 1.064404 1.127129 1.130668 1.033182 0.970457 0.907732 0.907732 0.855596 0.803460 0.786084 0.786084 0.786084 0.786084 0.786084 0.786084 0.786084 0.786084 0.786084 0.786084 0.786084 0.786084 0.786084 0.786084 0.786084 -9999 -9999 -9999
0.890356 0.907733 0.959869 0.959869 0.959868 0.907732 0.855596 0.803460 0.820845 0.872980 0.925112 0.959869 0.959869 0.959869 0.959869 0.959869 0.866727 0.727005 0.680425 0.726999 0.866722 0.959869 0.959869 0.959869 0.959873 1.022598 1.008740 0.956607 0.862664 0.803458 0.855594 0.890356 0.890356 0.890356 0.890356 0.942490 0.959869 0.959869 1.001686 1.043500 1.043500 1.043500 1.043506 1.106226 1.168946 1.106231 1.085318 1.085318 1.127129 1.130668 1.015806 0.918322 0.855597 0.855597 0.855596 0.803460 0.786084 0.786084 0.786084 0.786084 0.786084 0.786084 0.786084 0.786084 0.786084 0.786084 0.786084 0.786084 0.786084 0.786084 -9999 -9999 -9999 -9999
0.942491 0.942491 0.959869 0.959869 0.959869 0.959867 0.907731 0.855595 0.803459 0.820845 0.872977 0.925109 0.959869 0.959869 0.959869 0.959869 0.866727 0.727005 0.587282 0.587279 0.727002 0.866725 0.959869 0.959869 0.959869 0.959874 0.946016 0.893884 0.841751 0.803458 0.855594 0.907730 0.942491 0.942491 0.942491 0.942491 0.959869 0.959869 0.959869 0.980776 0.980776 0.980776 0.980782 1.043503 1.106223 1.168943 1.148042 1.148042 1.148042 1.130668 1.015806 0.900945 0.803462 0.803462 0.803462 0.803460 0.786084 0.786084 0.786084 0.786084 0.786084 0.786084 0.786084 0.786084 0.786084 0.786084 0.786084 0.786084 0.786084 -9999 -9999 -9999 -9999 -9999
0.925111 0.925111 0.925111 0.959869 0.959869 0.959869 0.959866 0.907730 0.855594 0.820842 0.855599 0.907731 0.959864 1.001686 1.001686 1.001686 0.925117 0.785396 0.645673 0.569903 0.680430 0.820153 0.959869 0.959869 0.959869 0.959869 0.959866 0.907734 0.855602 0.841744 0.897410 0.949547 1.001683 0.959869 0.959869 0.959869 0.959869 0.959869 0.959869 0.959869 0.959869 0.959869 0.959869 0.980779 1.043499 1.106219 1.127132 1.127132 1.127132 1.127132 1.050564 0.935703 0.820842 0.820842 0.820842 0.820842 0.820842 0.820842 0.820842 0.820842 0.820842 0.820842 0.786084 0.786084 0.786084 0.786084 0.786084 0.786084 0.786084 -9999 -9999 -9999 -9999 -9999
0.911267 0.872976 0.872976 0.925112 0.959869 0.959869 0.959869 0.959865 0.907729 0.872977 0.872977 0.907731 0.959864 1.022587 1.064409 1.064409 0.987841 0.872980 0.733258 0.657488 0.709624 0.820153 0.959869 0.959869 0.959869 0.959869 0.959869 0.959869 0.907737 0.893879 0.956604 1.012270 1.064407 1.001688 0.959869 0.959869 0.959869 0.959869 0.959869 0.959869 0.959869 0.959869 0.959869 0.959869 0.980775 1.043495 1.064408 1.064408 1.064408 1.064408 1.064408 0.987838 0.872977 0.872977 0.872977 0.872977 0.872977 0.872977 0.872977 0.872977 0.872977 0.803466 0.786084 0.786084 0.786084 0.786084 0.786084 0.786087 0.809059 -9999 -9999 -9999 -9999 -9999
0.973991 0.859129 0.820841 0.872977 0.925113 0.959869 0.959869 0.959869 0.959864 0.925112 0.925112 0.925112 0.959864 1.022587 1.085312 1.127133 1.050565 0.935704 0.820842 0.745073 0.797209 0.849345 0.959869 0.959869 0.959869 0.959869 0.959869 0.959869 0.959869 0.946014 1.008739 1.071464 1.127130 1.064411 1.001686 0.959869 0.959869 0.959869 0.959869 0.959869 0.959869 0.959869 0.959869 0.959869 0.959869 0.980772 1.001685 1.001685 1.001685 1.001685 1.001685 1.001685 0.925112 0.925112 0.925112 0.925112 0.925112 0.925112 0.925112 0.925112 0.855595 0.786084 0.786084 -9999 -9999 -9999 -9999 -9999 -9999 -9999 -9999 -9999 -9999 -9999
1.000531 0.885670 0.770809 0.778626 0.830763 0.882899 0.959869 0.959869 0.959869 0.959869 0.959869 0.959869 0.959869 1.001679 1.064404 1.127129 1.092381 0.977519 0.862658 0.786084 0.838221 0.890357 0.942493 0.959869 0.959869 0.959869 0.959869 0.959869 0.959869 0.959869 1.022588 1.085313 1.148038 1.106227 1.043502 0.980777 0.959869 0.959869 0.959869 0.959869 0.959869 0.959869 0.959869 0.959869 0.959869 0.959869 0.959869 0.959869 0.959869 0.959869 0.959869 0.959869 0.959869 0.959869 0.959869 0.959869 0.942490 0.942490 0.942490 0.907725 0.803460 -9999 -9999 -9999 -9999 -9999 -9999 -9999 -9999 -9999 -9999 -9999 -9999 -9999
0.954708 0.839845 0.724984 0.644162 0.651980 0.704117 0.840691 0.959869 0.959869 0.959869 0.959869 0.959869 0.959869 0.959869 1.001680 1.064405 1.050562 0.977519 0.862658 0.786084 0.786085 0.838221 0.890357 0.942493 0.959869 0.959869 0.959869 0.959869 0.959869 0.959869 0.959869 1.022588 1.085313 1.085316 1.043502 0.980777 0.959869 0.959869 0.959869 0.959869 0.959869 0.959869 0.959869 0.959869 0.959869 0.959869 0.959869 0.959869 0.959869 0.959869 0.959869 0.959869 0.959869 0.959869 0.959869 0.959869 0.925109 0.890355 0.890355 0.855589 0.786084 -9999 -9999 -9999 -9999 -9999 -9999 -9999 -9999 -9999 -9999 -9999 -9999 -9999
0.954708 0.794021 0.679159 0.598337 0.517515 0.525334 0.661909 0.840693 0.959869 0.959869 0.959869 0.959869 0.959869 0.959869 0.959869 1.001681 0.987837 0.935701 0.862658 0.786084 0.786084 0.786085 0.838222 0.890358 0.942494 0.959869 0.959869 0.959869 0.959869 0.959869 0.959869 0.959869 1.022589 1.022592 1.022592 0.980777 0.959869 0.959869 0.959869 0.959869 0.959869 0.959869 0.959869 0.959869 0.959869 0.959869 0.959869 0.959869 0.959869 0.959869 0.959869 0.959869 0.959869 0.959869 0.959869 0.959869 0.925109 0.872973 0.838219 0.803453 -9999 -9999 -9999 -9999 -9999 -9999 -9999 -9999 -9999 -9999 -9999 -9999 -9999 -9999
0.954704 0.794018 0.633331 0.552511 0.471689 0.390867 0.483125 0.661909 0.840693 0.959869 0.959869 0.959869 0.959869 0.959870 0.959870 0.959870 0.925114 0.872978 0.820842 0.786084 0.786084 0.786084 0.786087 0.838223 0.890359 0.942495 0.959869 0.959869 0.959869 0.959869 0.959869 0.959869 0.959869 0.959869 0.959869 0.959869 0.959869 0.959869 0.959869 0.959869 0.959869 0.959869 0.959869 0.959869 0.959869 0.959869 0.959869 0.959869 0.959869 0.959869 0.959869 0.959869 0.959869 0.959869 0.959869 0.959869 0.925107 0.872971 0.820834 0.793745 -9999 -9999 -9999 -9999 -9999 -9999 -9999 -9999 -9999 -9999 -9999 -9999 -9999 -9999
0.764705 0.604018 0.443331 0.479021 0.398199 0.317377 0.290441 0.409639 0.588423 0.791705 0.959869 0.959869 0.959869 1.022587 1.022594 1.022594 0.946026 0.872978 0.820842 0.786084 0.786084 0.786084 0.786087 0.838223 0.890359 0.942495 0.959869 0.959869 0.959869 0.959869 0.959869 0.959869 0.959869 0.959869 0.959869 0.959869 0.959869 0.959869 0.959869 0.959869 0.959869 0.959869 0.959869 0.959869 0.959869 0.959869 0.959869 0.959869 0.959869 0.959869 0.959869 0.959869 0.959869 0.959869 0.925109 0.872973 -9999 -9999 -9999 -9999 -9999 -9999 -9999 -9999 -9999 -9999 -9999 -9999 -9999 -9999 -9999 -9999 -9999 -9999
0.701380 0.414018 0.253332 0.289022 0.324710 0.243887 0.216951 0.216951 0.336153 0.539435 0.791690 0.959869 0.959869 1.022587 1.085312 1.085318 1.008749 0.893888 0.820842 0.786084 0.786084 0.786084 0.786087 0.838223 0.890359 0.942495 0.959869 0.959869 0.959869 0.959869 0.959869 0.959869 0.959869 0.959869 0.959869 0.959869 0.959869 0.959869 0.959869 0.959869 0.959869 0.959869 0.959869 0.959869 0.959869 0.959869 0.959869 0.959869 0.959869 0.959869 0.959869 0.959869 0.925111 0.881665 0.855596 0.829528 -9999 -9999 -9999 -9999 -9999 -9999 -9999 -9999 -9999 -9999 -9999 -9999 -9999 -9999 -9999 -9999 -9999 -9999
0.701380 0.350690 0.063332 0.099022 0.134712 0.170398 0.143461 0.143461 0.143461 0.287164 0.539420 0.791676 0.959869 1.022587 1.085312 1.148037 1.071473 0.956612 0.841751 0.786084 0.786084 0.786084 0.786087 0.838223 0.890359 0.942495 0.959869 0.959869 0.959869 0.959869 0.959869 0.959869 0.959869 0.959869 0.959869 0.959869 0.959869 0.959869 0.959869 0.959869 0.959869 0.959869 0.959869 0.959869 0.959869 0.959869 0.959869 0.959869 0.959869 0.959869 0.933802 0.907733 0.881664 0.855596 0.828495 -9999 -9999 -9999 -9999 -9999 -9999 -9999 -9999 -9999 -9999 -9999 -9999 -9999 -9999 -9999 -9999 -9999 -9999 -9999
0.653450 0.302760 -0.047930 -0.036033 -0.000343 0.035347 0.328965 0.328965 0.328965 0.328965 0.497148 0.749404 1.001660 1.022587 1.085312 1.148037 1.127135 1.012277 0.897416 0.820842 0.820842 0.820842 0.820842 0.838223 0.890359 0.942495 0.959869 0.959869 0.959869 0.959869 0.959869 0.959869 0.959869 0.959869 0.959869 0.959869 0.959869 0.959869 0.959869 0.959869 0.959869 0.959869 0.959869 0.959869 0.959869 0.959869 0.959869 0.959869 -9999 -9999 -9999 -9999 -9999 -9999 -9999 -9999 -9999 -9999 -9999 -9999 -9999 -9999 -9999 -9999 -9999 -9999 -9999 -9999 -9999 -9999 -9999 -9999 -9999 -9999
0.584614 0.230867 -0.119823 -0.119823 -0.107926 -0.072236 0.221403 0.643962 0.643962 0.643962 0.643962 0.812128 1.064384 1.064410 1.085312 1.148037 1.127135 1.064410 0.949551 0.872977 0.872977 0.872977 0.872977 0.872977 0.890359 0.942495 0.959869 0.959869 0.959869 0.959869 0.959869 0.959869 0.959869 0.959869 0.959869 0.959869 0.959869 0.959869 0.959869 0.959869 0.959869 0.959869 0.959869 0.959869 0.959869 0.959869 0.959869 -9999 -9999 -9999 -9999 -9999 -9999 -9999 -9999 -9999 -9999 -9999 -9999 -9999 -9999 -9999 -9999 -9999 -9999 -9999 -9999 -9999 -9999 -9999 -9999 -9999 -9999 -9999
0.521889 0.162030 -0.191717 -0.191717 -0.191717 -0.179820 0.113820 0.536404 0.958959 0.958959 0.958959 0.958959 1.127109 1.127134 1.127134 1.148037 1.127135 1.064410 1.001686 0.925113 0.925113 0.925113 0.925113 0.925113 0.925113 0.942495 0.959869 0.959869 0.959869 0.959869 0.959869 0.959869 0.959869 0.959869 0.959869 0.959869 0.959869 0.959869 0.959869 0.959869 0.959869 0.959869 0.959869 0.959869 0.959869 0.959869 -9999 -9999 -9999 -9999 -9999 -9999 -9999 -9999 -9999 -9999 -9999 -9999 -9999 -9999 -9999 -9999 -9999 -9999 -9999 -9999 -9999 -9999 -9999 -9999 -9999 -9999 -9999 -9999
0.515938 0.156079 -0.203781 -0.137064 -0.137064 -0.137064 0.042100 0.464685 0.887269 1.148039 1.148039 1.148039 1.148039 1.148039 1.148039 1.148039 1.127135 1.064410 1.001686 0.959869 0.959869 0.959869 0.959866 0.942489 0.942489 0.942489 0.959869 0.959869 0.959869 0.959869 0.959869 0.959869 0.959869 0.959869 0.959869 0.959869 0.959869 0.959869 0.959869 0.959869 0.959869 0.959869 0.959869 0.959869 0.959869 0.959868 -9999 -9999 -9999 -9999 -9999 -9999 -9999 -9999 -9999 -9999 -9999 -9999 -9999 -9999 -9999 -9999 -9999 -9999 -9999 -9999 -9999 -9999 -9999 -9999 -9999 -9999 -9999 -9999
0.623518 0.263661 -0.096198 0.103940 0.170653 0.170653 0.247233 0.464685 0.887269 1.148036 1.085316 1.085316 1.085316 1.085316 1.085316 1.085316 1.085316 1.064410 1.001686 0.959869 0.959869 0.959869 0.959866 0.907730 0.890354 0.890354 0.925114 0.959869 0.959869 0.959869 0.959869 0.959869 0.959869 0.959869 0.959869 0.959869 0.959869 0.959869 0.959869 0.959869 0.959869 0.959869 0.959869 0.959869 0.959867 -9999 -9999 -9999 -9999 -9999 -9999 -9999 -9999 -9999 -9999 -9999 -9999 -9999 -9999 -9999 -9999 -9999 -9999 -9999 -9999 -9999 -9999 -9999 -9999 -9999 -9999 -9999 -9999 -9999
0.686242 0.371242 0.011384 0.211523 0.411662 0.478371 0.554951 0.669812 0.887269 1.148036 1.085316 1.022595 1.022592 1.022592 1.022592 1.022592 1.022592 1.022592 1.001686 0.959869 0.959869 0.959869 0.959866 0.907730 0.855594 0.838219 0.872979 0.925111 0.959869 0.959869 0.959869 0.959869 0.959869 0.959869 0.959869 0.959869 0.959869 0.959869 0.959869 0.959869 0.959869 0.959869 0.959869 0.959867 0.932766 -9999 -9999 -9999 -9999 -9999 -9999 -9999 -9999 -9999 -9999 -9999 -9999 -9999 -9999 -9999 -9999 -9999 -9999 -9999 -9999 -9999 -9999 -9999 -9999 -9999 -9999 -9999 -9999 -9999
0.748968 0.433968 0.118968 0.319105 0.519243 0.719382 0.862663 0.977524 1.092386 1.148036 1.085316 1.022595 0.959875 0.959868 0.959868 0.959868 0.959868 0.959868 0.959868 0.959868 0.959868 0.959868 0.959866 0.907730 0.855594 0.803458 0.820844 0.872977 0.925109 0.959869 0.959869 0.959869 0.959869 0.959869 0.959869 0.959869 0.959869 0.959869 0.959869 0.959869 0.959869 0.959869 0.959866 0.930702 0.901538 -9999 -9999 -9999 -9999 -9999 -9999 -9999 -9999 -9999 -9999 -9999 -9999 -9999 -9999 -9999 -9999 -9999 -9999 -9999 -9999 -9999 -9999 -9999 -9999 -9999 -9999 -9999 -9999 -9999
1.001238 0.686238 0.371238 0.371240 0.571379 0.771517 0.838220 0.914801 1.029662 1.106224 1.085316 1.022595 0.959875 0.907738 0.907733 0.907733 0.877185 0.861908 0.861908 0.877183 0.907733 0.907733 0.907733 0.907730 0.855594 0.803458 0.820844 0.872977 0.925109 0.959869 0.959869 0.959869 0.959869 0.959869 0.959869 0.959869 0.959869 0.959869 0.959869 0.959869 -9999 0.957802 0.928638 0.899474 -9999 -9999 -9999 -9999 -9999 -9999 -9999 -9999 -9999 -9999 -9999 -9999 -9999 -9999 -9999 -9999 -9999 -9999 -9999 -9999 -9999 -9999 -9999 -9999 -9999 -9999 -9999 -9999 -9999 -9999
1.085319 0.938509 0.623509 0.623509 0.623514 0.823653 0.890355 0.890355 0.966938 1.043501 1.043501 1.022595 0.959875 0.907738 0.855602 0.855598 0.825050 0.779224 0.763948 0.779223 0.825049 0.855598 0.855598 0.855598 0.855594 0.803458 0.820844 0.872977 0.925109 0.959869 0.959869 0.959869 0.959869 0.959869 0.959869 0.959869 0.959869 0.959869 -9999 -9999 -9999 -9999 -9999 -9999 -9999 -9999 -9999 -9999 -9999 -9999 -9999 -9999 -9999 -9999 -9999 -9999 -9999 -9999 -9999 -9999 -9999 -9999 -9999 -9999 -9999 -9999 -9999 -9999 -9999 -9999 -9999 -9999 -9999 -9999
1.085319 1.022594 0.875779 0.875779 0.875779 0.875788 0.942490 0.942490 0.942490 0.980777 0.980777 0.980777 0.959875 0.907738 0.855602 0.803466 0.772915 0.727089 0.681263 0.681263 0.727089 0.772914 0.803463 0.803463 0.803463 0.803458 0.820844 0.872977 0.925109 0.959869 0.959869 0.959869 0.959869 0.959869 0.959869 0.959869 0.959869 -9999 -9999 -9999 -9999 -9999 -9999 -9999 -9999 -9999 -9999 -9999 -9999 -9999 -9999 -9999 -9999 -9999 -9999 -9999 -9999 -9999 -9999 -9999 -9999 -9999 -9999 -9999 -9999 -9999 -9999 -9999 -9999 -9999 -9999 -9999 -9999 -9999
1.127135 1.064410 1.001685 1.001685 1.001685 1.001685 0.959869 0.959869 0.959869 0.959869 0.959869 0.959869 0.959869 0.907738 0.855602 0.803466 0.786084 0.740261 0.694435 0.663885 0.694435 0.740261 0.786084 0.786084 0.786084 0.786084 0.786087 0.838219 0.890352 0.925112 0.925112 0.925112 0.925112 0.925112 -9999 -9999 -9999 -9999 -9999 -9999 -9999 -9999 -9999 -9999 -9999 -9999 -9999 -9999 -9999 -9999 -9999 -9999 -9999 -9999 -9999 -9999 -9999 -9999 -9999 -9999 -9999 -9999 -9999 -9999 -9999 -9999 -9999 -9999 -9999 -9999 -9999 -9999 -9999 -9999
1.168949 1.127134 1.064409 1.064409 1.064409 1.064409 1.022590 0.959869 0.959869 0.959869 0.959869 0.959869 0.959869 0.907738 0.855602 0.803466 0.786084 0.786084 0.740260 0.709710 0.709710 0.740261 0.786084 0.786084 0.786084 0.786084 0.786084 0.786084 0.838216 0.872976 0.872976 0.872976 -9999 -9999 -9999 -9999 -9999 -9999 -9999 -9999 -9999 -9999 -9999 -9999 -9999 -9999 -9999 -9999 -9999 -9999 -9999 -9999 -9999 -9999 -9999 -9999 -9999 -9999 -9999 -9999 -9999 -9999 -9999 -9999 -9999 -9999 -9999 -9999 -9999 -9999 -9999 -9999 -9999 -9999
1.168949 1.168949 1.127134 1.127134 1.127134 1.127134 1.085314 1.022589 0.959869 0.959869 0.959869 0.959869 0.959869 0.907738 0.855602 0.803466 0.786084 0.786084 0.786084 0.755535 0.755535 0.755535 0.786084 0.786084 0.786084 0.786084 0.786084 0.786084 0.786084 0.820840 -9999 -9999 -9999 -9999 -9999 -9999 -9999 -9999 -9999 -9999 -9999 -9999 -9999 -9999 -9999 -9999 -9999 -9999 -9999 -9999 -9999 -9999 -9999 -9999 -9999 -9999 -9999 -9999 -9999 -9999 -9999 -9999 -9999 -9999 -9999 -9999 -9999 -9999 -9999 -9999 -9999 -9999 -9999 -9999
1.168949 1.168949 1.168949 1.168949 1.168949 1.168949 1.127129 1.064404 1.001679 0.959869 0.959869 0.959869 0.959869 0.925117 0.872981 0.820845 0.756888 0.756888 0.756888 0.756888 0.756888 0.756888 0.756888 0.756888 0.756888 0.756888 0.756888 0.756888 0.777106 -9999 -9999 -9999 -9999 -9999 -9999 -9999 -9999 -9999 -9999 -9999 -9999 -9999 -9999 -9999 -9999 -9999 -9999 -9999 -9999 -9999 -9999 -9999 -9999 -9999 -9999 -9999 -9999 -9999 -9999 -9999 -9999 -9999 -9999 -9999 -9999 -9999 -9999 -9999 -9999 -9999 -9999 -9999 -9999 -9999
1.168949 1.168949 1.168949 1.168949 1.168949 1.168949 1.127129 1.064404 1.001679 0.959869 0.959869 0.959869 0.959869 0.959869 0.925116 0.872980 0.762457 0.669303 0.669303 0.669303 0.669303 0.669303 0.669303 0.669303 0.669303 0.689522 0.750184 0.809499 -9999 -9999 -9999 -9999 -9999 -9999 -9999 -9999 -9999 -9999 -9999 -9999 -9999 -9999 -9999 -9999 -9999 -9999 -9999 -9999 -9999 -9999 -9999 -9999 -9999 -9999 -9999 -9999 -9999 -9999 -9999 -9999 -9999 -9999 -9999 -9999 -9999 -9999 -9999 -9999 -9999 -9999 -9999 -9999 -9999 -9999
