vietnam.asc
ncols  240
nrows  491
xllcorner  102.250
yllcorner  8.650
cellsize  0.03000
NODATA_value  -9999
[rows 264 to 296 of 491, columns 148 to 221 of 240]
-9999 -9999 -9999 -9999 -9999 -9999 -9999 -9999 -9999 -9999 -9999 -9999 -9999 -9999 -9999 -9999 -9999 -9999 -9999 -9999 -9999 -9999 -9999 -9999 -9999 -9999 -9999 -9999 1.934674 1.934674 1.934674 1.934674 1.934674 1.788559 1.642436 1.496314 1.447606 1.447606 1.447606 1.447606 1.447606 1.447606 1.447597 1.364005 1.280413 1.196821 1.168949 1.168949 1.168949 1.148044 1.085319 1.022594 0.959869 0.980777 1.043502 1.106227 1.168949 1.168949 1.168949 1.148036 1.127132 1.127132 1.127132 1.168949 1.168949 1.168949 1.168949 1.168949 -9999 -9999 -9999 -9999 -9999 -9999
-9999 -9999 -9999 -9999 -9999 -9999 -9999 -9999 -9999 -9999 -9999 -9999 -9999 -9999 -9999 -9999 -9999 -9999 -9999 -9999 -9999 -9999 -9999 -9999 -9999 -9999 -9999 -9999 -9999 1.934674 -9999 1.934674 1.934674 1.788559 1.642436 1.496314 1.447606 1.447606 1.447606 1.447606 1.447606 1.447606 1.447597 1.364005 1.280413 1.196821 1.168949 1.168949 1.168949 1.148044 1.085319 1.022594 0.959869 0.959869 0.980778 1.043503 1.106228 1.168949 1.168949 1.148036 1.085316 1.064408 1.064408 1.127126 1.168949 1.168949 1.168949 1.168949 1.168949 -9999 -9999 1.168949 -9999 -9999
-9999 -9999 -9999 -9999 -9999 -9999 -9999 -9999 -9999 -9999 -9999 -9999 -9999 -9999 -9999 -9999 -9999 -9999 -9999 -9999 -9999 -9999 -9999 -9999 -9999 -9999 -9999 -9999 -9999 -9999 -9999 1.934674 1.934674 1.788559 1.642436 1.496314 1.447606 1.447606 1.447606 1.447606 1.447606 1.447606 1.447597 1.364005 1.280413 1.196821 1.168949 1.168949 1.168949 1.148044 1.085319 1.022594 0.959869 0.959869 0.959869 0.980778 1.043503 1.106228 1.168949 1.148036 1.085316 1.022595 1.001684 1.064402 1.127127 1.168949 1.168949 1.168949 1.168949 1.168949 1.168949 1.168949 -9999 -9999
-9999 -9999 -9999 -9999 -9999 -9999 -9999 -9999 -9999 -9999 -9999 -9999 -9999 -9999 -9999 -9999 -9999 -9999 -9999 -9999 -9999 -9999 -9999 -9999 -9999 -9999 -9999 -9999 -9999 -9999 -9999 1.934674 1.934674 1.788559 1.642436 1.496314 1.447606 1.447606 1.447606 1.419738 1.419738 1.419738 1.419738 1.364005 1.280413 1.196821 1.168949 1.168949 1.168949 1.148044 1.085319 1.022594 0.959869 0.959869 0.959869 0.959869 1.001689 1.064414 1.127139 1.168945 1.106225 1.043505 0.980785 1.022587 1.085312 1.148037 1.168949 1.168949 1.168949 1.168949 1.168949 1.168949 1.257561 -9999
-9999 -9999 -9999 -9999 -9999 -9999 -9999 -9999 -9999 -9999 -9999 -9999 -9999 -9999 -9999 -9999 -9999 -9999 -9999 -9999 -9999 -9999 -9999 -9999 -9999 -9999 -9999 -9999 -9999 -9999 -9999 -9999 1.934674 1.788559 1.642436 1.496314 1.447606 1.447606 1.447606 1.419736 1.336141 1.336141 1.336141 1.336141 1.280413 1.196821 1.168949 1.168949 1.168949 1.148044 1.085319 1.022594 0.959869 0.959869 0.959869 0.959869 1.001689 1.064414 1.127139 1.168949 1.168949 1.106229 1.043509 1.043502 1.085312 1.148037 1.168949 1.168949 1.168949 1.168949 1.168949 1.168949 1.228027 -9999
-9999 -9999 -9999 -9999 -9999 -9999 -9999 -9999 -9999 -9999 -9999 -9999 -9999 -9999 -9999 -9999 -9999 -9999 -9999 -9999 -9999 -9999 -9999 -9999 -9999 -9999 -9999 -9999 -9999 -9999 -9999 1.934674 1.934674 1.788559 1.642436 1.496314 1.447606 1.447606 1.447606 1.419736 1.336137 1.252545 1.252545 1.252545 1.252545 1.196821 1.168949 1.168949 1.168949 1.148044 1.085319 1.022594 0.959869 0.959869 0.959869 0.959869 1.001689 1.064414 1.127139 1.168949 1.168949 1.168949 1.106232 1.106226 1.106226 1.148037 1.168949 1.168949 1.168949 1.168949 1.168949 1.168949 1.198493 1.401949
-9999 -9999 -9999 -9999 -9999 -9999 -9999 -9999 -9999 -9999 -9999 -9999 -9999 -9999 -9999 -9999 -9999 -9999 -9999 -9999 -9999 -9999 -9999 -9999 -9999 -9999 -9999 -9999 -9999 -9999 -9999 -9999 1.934674 1.788559 1.642436 1.496314 1.447606 1.447606 1.447606 1.419737 1.336138 1.252540 1.168949 1.168949 1.168949 1.168949 1.168949 1.168949 1.168949 1.148046 1.085321 1.022596 0.959871 0.959870 0.959870 0.959870 1.001689 1.064414 1.127139 1.168949 1.168949 1.168949 1.168949 1.168949 1.168949 1.168949 1.168949 1.168949 1.168949 1.168949 1.168949 1.168949 1.168959 1.372415
-9999 -9999 -9999 -9999 -9999 -9999 -9999 -9999 -9999 -9999 -9999 -9999 -9999 -9999 -9999 -9999 -9999 -9999 -9999 -9999 -9999 -9999 -9999 -9999 -9999 -9999 -9999 -9999 -9999 -9999 -9999 -9999 1.934674 1.788559 1.642436 1.496314 1.447606 1.447606 1.447606 1.447606 1.419735 1.336137 1.252538 1.168949 1.168949 1.168949 1.168949 1.168949 1.168949 1.196811 1.231641 1.168916 1.106191 1.022593 1.022593 1.022593 1.022593 1.064414 1.127139 1.168949 1.168949 1.168949 1.168949 1.168949 1.168949 1.168949 1.168949 1.168949 1.168949 1.168949 1.168949 1.168949 1.168946 1.342881
-9999 -9999 -9999 -9999 -9999 -9999 -9999 -9999 -9999 -9999 -9999 -9999 -9999 -9999 -9999 -9999 -9999 -9999 -9999 -9999 -9999 -9999 -9999 -9999 -9999 -9999 -9999 -9999 -9999 -9999 -9999 1.934674 1.934674 1.788559 1.642436 1.496314 1.447606 1.447606 1.447606 1.447606 1.447606 1.419733 1.336135 1.252543 1.168951 1.168949 1.168949 1.168949 1.168949 1.196811 1.280409 1.315237 1.252512 1.168913 1.085317 1.085317 1.085317 1.085317 1.127139 1.168949 1.168949 1.168949 1.168949 1.168949 1.168949 1.168949 1.168949 1.168949 1.168949 1.168949 1.168949 1.168949 1.168946 1.313347
-9999 -9999 -9999 -9999 -9999 -9999 -9999 -9999 -9999 -9999 -9999 -9999 -9999 -9999 -9999 -9999 -9999 -9999 -9999 -9999 -9999 -9999 -9999 -9999 -9999 -9999 -9999 -9999 -9999 -9999 -9999 1.934674 1.934674 1.788559 1.642436 1.496314 1.447606 1.447606 1.447606 1.447606 1.447606 1.447606 1.419732 1.336140 1.252548 1.168956 1.168949 1.168949 1.168949 1.196811 1.280409 1.364008 1.398832 1.315234 1.231636 1.148041 1.148041 1.148041 1.148041 1.168949 1.168949 1.168949 1.168949 1.168949 1.168949 1.168949 1.168949 1.168949 1.168949 1.168949 1.168949 1.168949 1.168946 1.283813
-9999 -9999 -9999 -9999 -9999 -9999 -9999 -9999 -9999 -9999 -9999 -9999 -9999 -9999 -9999 -9999 -9999 -9999 -9999 -9999 -9999 -9999 -9999 -9999 -9999 -9999 -9999 -9999 -9999 -9999 -9999 1.934674 1.934674 1.885973 1.739850 1.593728 1.545020 1.545020 1.545020 1.496305 1.447606 1.447606 1.447621 1.517151 1.433559 1.349967 1.224695 1.224681 1.224681 1.224681 1.280409 1.364008 1.447606 1.364008 1.280409 1.196811 1.127133 1.127133 1.127133 1.148046 1.168949 1.168949 1.168949 1.168949 1.168949 1.168949 1.168949 1.168949 1.168949 1.168949 1.168949 1.168949 1.168946 1.106265
-9999 -9999 -9999 -9999 -9999 -9999 -9999 -9999 -9999 -9999 -9999 -9999 -9999 -9999 -9999 -9999 -9999 -9999 -9999 -9999 -9999 -9999 -9999 -9999 -9999 -9999 -9999 -9999 -9999 -9999 -9999 1.934674 1.934674 1.934674 1.885972 1.739849 1.691141 1.691141 1.691141 1.642426 1.496304 1.447606 1.447621 1.593732 1.663278 1.579686 1.454413 1.308291 1.308278 1.308278 1.308278 1.364008 1.447606 1.364008 1.280409 1.196811 1.127129 1.064408 1.064408 1.085321 1.148042 1.168949 1.168949 1.168949 1.168949 1.168949 1.168949 1.168949 1.168949 1.168949 1.168949 1.168949 1.168946 1.106221
-9999 -9999 -9999 -9999 -9999 -9999 -9999 -9999 -9999 -9999 -9999 -9999 -9999 -9999 -9999 -9999 -9999 -9999 -9999 -9999 -9999 -9999 -9999 -9999 -9999 -9999 -9999 -9999 -9999 -9999 -9999 1.934674 1.934674 1.934674 1.934674 1.885970 1.837263 1.837263 1.837263 1.788548 1.642425 1.496302 1.447621 1.593732 1.739844 1.809405 1.684132 1.538010 1.391887 1.391876 1.391876 1.391876 1.447606 1.364008 1.280409 1.196811 1.127129 1.064404 1.001684 1.022597 1.085317 1.148037 1.168949 1.168949 1.168949 1.168949 1.168949 1.168949 1.168949 1.168949 1.168949 1.168949 1.168946 1.106221
-9999 -9999 -9999 -9999 -9999 -9999 -9999 -9999 -9999 -9999 -9999 -9999 -9999 -9999 -9999 -9999 -9999 -9999 -9999 -9999 -9999 -9999 -9999 -9999 -9999 -9999 -9999 -9999 1.905436 -9999 1.934674 1.934674 1.934674 1.885965 1.885965 1.885965 1.934674 1.934674 1.934674 1.885959 1.739836 1.593714 1.447606 1.545023 1.691134 1.837246 1.885983 1.739861 1.593738 1.496315 1.496315 1.496315 1.496315 1.391875 1.308276 1.224678 1.175905 1.113180 1.050455 0.980782 1.043502 1.106222 1.168942 1.168949 1.168949 1.168949 1.168949 1.168949 1.168949 1.168949 1.168949 1.168949 1.168946 1.106221
-9999 -9999 -9999 -9999 -9999 -9999 -9999 -9999 -9999 -9999 -9999 -9999 -9999 -9999 -9999 -9999 -9999 -9999 -9999 -9999 -9999 -9999 -9999 -9999 -9999 -9999 1.833512 1.867232 1.895711 1.934674 1.934674 1.934674 1.934674 1.788559 1.739845 1.739845 1.837260 1.934674 1.934674 1.885959 1.739836 1.593714 1.447606 1.447606 1.545015 1.691126 1.837245 1.885980 1.739858 1.642435 1.642435 1.642435 1.642435 1.496313 1.391873 1.308275 1.280413 1.259501 1.196776 1.127093 1.043502 1.106222 1.168942 1.168949 1.168949 1.168949 1.168949 1.168949 1.168949 1.168949 1.168949 1.168949 1.168946 1.106221
-9999 -9999 -9999 -9999 -9999 -9999 -9999 -9999 -9999 -9999 -9999 -9999 -9999 -9999 -9999 -9999 -9999 -9999 -9999 -9999 -9999 -9999 -9999 -9999 -9999 -9999 -9999 1.872852 1.906571 1.934674 1.934674 1.934674 1.934674 1.788559 1.642436 1.593725 1.691140 1.837263 1.934674 1.885959 1.739836 1.593714 1.447606 1.447606 1.447606 1.545006 1.691125 1.837248 1.885978 1.788555 1.788555 1.788555 1.788555 1.642432 1.496310 1.391872 1.364010 1.364010 1.343097 1.273414 1.189822 1.106230 1.168942 1.168949 1.168949 1.168949 1.168949 1.168949 1.168949 1.168949 1.168949 1.168949 1.168946 1.106221
-9999 -9999 -9999 -9999 -9999 -9999 -9999 -9999 -9999 -9999 -9999 -9999 -9999 -9999 -9999 -9999 -9999 -9999 -9999 -9999 -9999 -9999 -9999 -9999 -9999 -9999 -9999 1.878472 1.912191 1.934673 1.934673 1.934673 1.934673 1.788559 1.642436 1.496314 1.545021 1.691144 1.837266 1.885959 1.739836 1.593714 1.447606 1.447606 1.447606 1.447606 1.545005 1.691128 1.837251 1.934674 1.934674 1.934674 1.934674 1.788551 1.642429 1.496306 1.447606 1.447606 1.447606 1.419733 1.336141 1.252549 1.168957 1.168949 1.168949 1.168949 1.168948 1.168948 1.168948 1.168949 1.168949 1.168949 1.168946 1.106221
-9999 -9999 -9999 -9999 -9999 -9999 -9999 -9999 -9999 -9999 -9999 -9999 -9999 -9999 -9999 -9999 -9999 -9999 -9999 -9999 -9999 -9999 -9999 -9999 -9999 -9999 -9999 -9999 -9999 1.885981 1.788552 1.788552 1.788552 1.788552 1.642436 1.496314 1.545021 1.691144 1.837266 1.885959 1.739836 1.593714 1.447606 1.447606 1.447606 1.447606 1.447606 1.545007 1.691129 1.837252 1.934674 1.934674 1.934674 1.788551 1.642429 1.496306 1.447606 1.447606 1.447606 1.419733 1.336141 1.252549 1.168957 1.168949 1.168949 1.168949 1.127135 1.106224 1.106224 1.127132 1.168949 1.168949 1.168946 1.106221
-9999 -9999 -9999 -9999 -9999 -9999 -9999 -9999 -9999 -9999 -9999 -9999 -9999 -9999 -9999 -9999 -9999 -9999 -9999 -9999 -9999 -9999 -9999 -9999 -9999 -9999 -9999 -9999 -9999 -9999 1.739859 1.642431 1.642431 1.642431 1.642431 1.496314 1.545021 1.691144 1.837266 1.885959 1.739836 1.593714 1.447606 1.447606 1.447606 1.447606 1.447606 1.447606 1.545008 1.691131 1.837253 1.934674 1.934674 1.788551 1.642429 1.496306 1.447606 1.447606 1.447606 1.419733 1.336141 1.252549 1.168957 1.168949 1.168949 1.168949 1.127135 1.064410 1.043500 1.064408 1.127133 1.168949 1.168946 1.106221
-9999 -9999 -9999 -9999 -9999 -9999 -9999 -9999 -9999 -9999 -9999 -9999 -9999 -9999 -9999 -9999 -9999 -9999 -9999 -9999 -9999 -9999 -9999 -9999 -9999 -9999 -9999 -9999 -9999 -9999 1.739859 1.593736 1.496309 1.496309 1.496309 1.496309 1.545021 1.691144 1.837266 1.885959 1.739836 1.593714 1.447606 1.447606 1.447606 1.447606 1.447606 1.447606 1.447606 1.545009 1.691132 1.837255 1.934674 1.788551 1.642429 1.496306 1.447606 1.447606 1.447606 1.419733 1.336141 1.252549 1.168957 1.168949 1.168949 1.168949 1.127135 1.064410 1.001686 1.001684 1.064409 1.127134 1.168946 1.106221
-9999 -9999 -9999 -9999 -9999 -9999 -9999 -9999 -9999 -9999 -9999 -9999 -9999 -9999 -9999 -9999 -9999 -9999 -9999 -9999 -9999 -9999 -9999 -9999 -9999 -9999 -9999 -9999 -9999 1.885981 1.739859 1.593736 1.447613 1.447606 1.447606 1.447606 1.447606 1.593727 1.739849 1.885972 1.837253 1.691131 1.545008 1.447606 1.447606 1.447606 1.447606 1.447606 1.447606 1.447606 1.545012 1.691134 1.837257 1.788551 1.642429 1.496306 1.350055 1.350055 1.350055 1.350055 1.294324 1.210732 1.127140 1.127131 1.127131 1.127131 1.127131 1.064410 1.001686 0.959869 1.001685 1.064410 1.127129 1.071463
-9999 -9999 -9999 -9999 -9999 -9999 -9999 -9999 -9999 -9999 -9999 -9999 -9999 -9999 -9999 -9999 -9999 -9999 -9999 -9999 -9999 -9999 -9999 -9999 -9999 -9999 -9999 -9999 1.934674 1.885981 1.739859 1.593736 1.447613 1.447606 1.447606 1.447606 1.447606 1.447607 1.593730 1.739852 1.885975 1.837251 1.691128 1.545016 1.447606 1.447606 1.447606 1.447606 1.447606 1.447606 1.447606 1.545015 1.691137 1.691137 1.642429 1.496306 1.350050 1.203735 1.203735 1.203735 1.203735 1.148008 1.064416 1.064408 1.064408 1.064408 1.064408 1.064408 1.001686 0.959869 0.959869 1.001686 1.064405 1.012269
-9999 -9999 -9999 -9999 -9999 -9999 -9999 -9999 -9999 -9999 -9999 -9999 -9999 -9999 -9999 -9999 -9999 -9999 -9999 -9999 -9999 -9999 -9999 -9999 -9999 -9999 -9999 -9999 1.934674 1.885981 1.739859 1.593736 1.447613 1.447606 1.447606 1.447606 1.447606 1.447606 1.447610 1.593732 1.739855 1.885978 1.837248 1.691136 1.545025 1.447606 1.447606 1.447606 1.447606 1.447606 1.447606 1.447606 1.545017 1.545017 1.545017 1.496306 1.350050 1.203726 1.057414 1.057414 1.057414 1.057414 1.001692 1.001684 1.001684 1.001684 1.001684 1.001684 1.001684 0.959869 0.959869 0.959869 1.001681 0.949545
-9999 -9999 -9999 -9999 -9999 -9999 -9999 -9999 -9999 -9999 -9999 -9999 -9999 -9999 -9999 -9999 -9999 -9999 -9999 -9999 -9999 -9999 -9999 -9999 -9999 -9999 -9999 -9999 -9999 1.934674 1.788567 1.642445 1.496322 1.496314 1.496314 1.496314 1.496314 1.496314 1.496314 1.447613 1.593735 1.739858 1.885966 1.788548 1.642436 1.496325 1.419739 1.419739 1.419739 1.419739 1.419739 1.419739 1.419739 1.398831 1.398831 1.398831 1.350050 1.203726 1.057403 0.959869 0.959869 0.959869 0.959869 0.959869 0.959869 0.959869 0.959869 0.959869 0.959869 0.942490 0.942490 0.942490 0.942496 0.946018
-9999 -9999 -9999 -9999 -9999 -9999 -9999 -9999 -9999 -9999 -9999 -9999 -9999 -9999 -9999 -9999 -9999 -9999 -9999 -9999 -9999 -9999 -9999 -9999 -9999 -9999 -9999 -9999 -9999 1.934674 1.934674 1.788564 1.642442 1.642434 1.642434 1.642434 1.642434 1.642434 1.642434 1.593719 1.447615 1.593738 1.739846 1.739846 1.642436 1.496325 1.391882 1.336142 1.336142 1.336142 1.336142 1.336142 1.336142 1.273418 1.252510 1.252510 1.252510 1.203726 1.057403 0.959869 0.959869 0.959869 0.959869 0.959869 0.959869 0.959869 0.959869 0.959869 0.959869 0.942490 0.890355 0.890355 0.890360 1.005222
-9999 -9999 -9999 -9999 -9999 -9999 -9999 -9999 -9999 -9999 -9999 -9999 -9999 -9999 -9999 -9999 -9999 -9999 -9999 -9999 -9999 -9999 -9999 -9999 -9999 -9999 -9999 -9999 -9999 1.934674 1.934674 1.934674 1.788562 1.788554 1.788554 1.788554 1.788554 1.788554 1.788554 1.739839 1.593717 1.447618 1.593726 1.593726 1.593726 1.496325 1.391882 1.308284 1.252546 1.252546 1.252546 1.252546 1.252546 1.189821 1.127096 1.106189 1.106189 1.106189 1.057403 0.959869 0.959869 0.959869 0.959869 0.959869 0.959869 0.959869 0.959869 0.959869 0.959869 0.942490 0.890354 0.838219 0.838225 0.953086
-9999 -9999 -9999 -9999 -9999 -9999 -9999 -9999 -9999 -9999 -9999 -9999 -9999 -9999 -9999 -9999 -9999 -9999 -9999 -9999 -9999 -9999 -9999 -9999 -9999 -9999 -9999 -9999 -9999 1.934674 1.934674 1.934674 1.934674 1.934674 1.934674 1.934674 1.934674 1.934674 1.934674 1.885959 1.739836 1.593714 1.447606 1.447606 1.447606 1.447606 1.391882 1.308284 1.224685 1.168949 1.168949 1.168949 1.168949 1.106224 1.043499 0.980774 0.959869 0.959869 0.959869 0.959869 0.959869 0.959869 0.959869 0.959869 0.959869 0.959869 0.959869 0.959869 0.959869 0.942490 0.890354 0.838218 0.786090 0.900951
-9999 -9999 -9999 -9999 -9999 -9999 -9999 -9999 -9999 -9999 -9999 -9999 -9999 -9999 -9999 -9999 -9999 -9999 -9999 -9999 -9999 -9999 -9999 -9999 -9999 -9999 -9999 -9999 -9999 1.934674 1.934674 1.934674 1.934674 1.934674 1.934674 1.934674 1.781527 1.704955 1.704955 1.732826 1.739836 1.593714 1.447606 1.447606 1.447606 1.447606 1.350072 1.245559 1.161961 1.127130 1.168949 1.168949 1.168949 1.106224 1.043499 0.980774 0.959869 0.959869 0.959869 0.959869 0.959869 0.959869 0.959869 0.959869 0.959869 0.959869 1.057410 1.106191 1.106191 1.078325 1.005214 0.953078 0.900944 0.900951
-9999 -9999 -9999 -9999 -9999 -9999 -9999 -9999 -9999 -9999 -9999 -9999 -9999 -9999 -9999 -9999 -9999 -9999 -9999 -9999 -9999 -9999 -9999 -9999 -9999 -9999 -9999 -9999 1.934674 1.934674 1.934674 1.934674 1.934674 1.934674 1.934674 1.934674 1.781527 1.551806 1.475236 1.503107 1.586705 1.593714 1.447606 1.447606 1.447606 1.447606 1.350072 1.203749 1.099237 1.064405 1.127130 1.168949 1.168949 1.106224 1.043499 0.980774 0.959869 0.959869 0.959869 0.959869 0.959869 0.959869 0.959869 0.959869 0.959869 0.959869 1.057410 1.203734 1.252513 1.224647 1.141048 1.067938 1.015804 1.015804
-9999 -9999 -9999 -9999 -9999 -9999 -9999 -9999 -9999 -9999 -9999 -9999 -9999 -9999 -9999 -9999 -9999 -9999 -9999 -9999 -9999 -9999 -9999 -9999 -9999 -9999 -9999 -9999 1.934674 1.934674 1.934674 1.934674 1.934674 1.934674 1.934674 1.934674 1.781527 1.551806 1.322085 1.273388 1.356986 1.440585 1.447606 1.447606 1.447606 1.447606 1.350072 1.203749 1.057425 1.001681 1.064406 1.127131 1.168949 1.106224 1.043499 0.980774 0.959869 0.959869 0.959869 0.959869 0.959869 0.959869 0.959869 0.959869 0.959869 0.959869 1.057410 1.203734 1.350057 1.370969 1.287370 1.203772 1.130664 1.130664
-9999 -9999 -9999 -9999 -9999 -9999 -9999 -9999 -9999 -9999 -9999 -9999 -9999 -9999 -9999 -9999 -9999 -9999 -9999 -9999 -9999 -9999 -9999 -9999 -9999 -9999 -9999 -9999 1.934674 1.934674 1.934674 1.934674 1.934674 1.837258 1.837258 1.837258 1.837258 1.607538 1.377817 1.224682 1.280418 1.364016 1.447591 1.350056 1.350056 1.350056 1.350056 1.203749 1.057425 0.980774 1.043499 1.106224 1.168949 1.148041 1.085316 1.022591 0.959869 0.959869 0.959869 0.959869 0.959869 0.959869 0.959869 0.959869 0.959869 0.959869 1.057410 1.203734 1.350057 1.447606 1.391874 1.308276 1.224682 1.224682
-9999 -9999 -9999 -9999 -9999 -9999 -9999 -9999 -9999 -9999 -9999 -9999 -9999 -9999 -9999 -9999 -9999 -9999 -9999 -9999 -9999 -9999 -9999 -9999 -9999 -9999 -9999 -9999 1.934674 1.934674 1.934674 1.934674 1.934674 1.788559 1.691138 1.691138 1.691138 1.691135 1.461414 1.308278 1.308278 1.364016 1.447591 1.301279 1.203736 1.203736 1.203736 1.203736 1.057425 0.980774 1.043499 1.106224 1.168949 1.168949 1.148040 1.085315 1.022590 0.959869 0.959869 0.959869 0.959869 0.959869 0.959869 0.959869 0.959869 0.959869 1.057410 1.203734 1.350057 1.447606 1.447606 1.391873 1.308278 1.308278
-9999 -9999 -9999 -9999 -9999 -9999 -9999 -9999 -9999 -9999 -9999 -9999 -9999 -9999 -9999 -9999 -9999 -9999 -9999 -9999 -9999 -9999 -9999 -9999 -9999 -9999 -9999 -9999 1.934674 1.934674 1.934674 1.934674 1.934674 1.788559 1.642436 1.545018 1.545018 1.545018 1.545011 1.391875 1.391875 1.391875 1.447591 1.301279 1.154967 1.057415 1.057415 1.057415 1.057415 0.980774 1.043499 1.106224 1.168949 1.168949 1.168949 1.148039 1.085314 1.022589 0.959869 0.959869 0.959869 0.959869 0.959869 0.959869 0.959869 0.959869 1.057410 1.203734 1.350057 1.447606 1.447606 1.447606 1.391875 1.391875
