vietnam_big.asc
ncols  480
nrows  981
xllcorner  102.250
yllcorner  8.650
cellsize  0.01500
NODATA_value  -9999
[rows 792 to 824 of 981, columns 375 to 449 of 480]
0.977386 1.008749 1.040111 1.071474 1.092377 1.092371 1.061010 1.029650 0.998290 0.966930 0.935570 0.909842 0.905011 0.936373 0.967736 0.999098 1.030461 1.061823 1.110801 1.127133 1.127133 1.127133 1.127133 1.127133 1.137586 1.168949 1.168949 1.168949 1.168949 1.168949 1.168949 1.168949 1.168949 1.168949 1.168949 1.168949 1.168949 1.168949 1.168949 1.130653 1.073227 1.015801 0.958374 0.900948 0.843522 0.786096 0.786084 0.786084 0.786084 0.786084 0.786084 0.803459 0.820841 0.820841 0.820841 0.820841 0.820841 0.820841 0.794774 0.786084 0.786084 0.786084 0.786084 0.786084 0.794775 0.820841 0.820841 0.820841 0.820841 0.820841 0.820841 0.820841 0.803453 0.803465 0.816498
1.003454 1.034816 1.066179 1.097541 1.128904 1.149800 1.118440 1.087080 1.055720 1.024360 0.993000 0.961640 0.953991 0.985353 1.016716 1.048078 1.079441 1.110803 1.142165 1.158495 1.158495 1.158495 1.158495 1.158495 1.158495 1.168949 1.168949 1.168949 1.168949 1.168949 1.168949 1.168949 1.168949 1.168949 1.168949 1.168949 1.168949 1.168949 1.168949 1.130653 1.073227 1.015801 0.958374 0.900948 0.843522 0.786096 0.786084 0.786084 0.786084 0.786084 0.786084 0.786084 0.794773 0.794773 0.794773 0.794773 0.794773 0.794773 0.794773 0.786084 0.786084 0.786084 0.786084 0.786084 0.786084 0.794773 0.794773 0.794773 0.794773 0.794773 0.794773 0.794773 0.790431 0.803465 0.816498
1.012143 1.043505 1.074868 1.106230 1.137593 1.168942 1.137582 1.106222 1.074862 1.043502 1.012142 0.980782 0.970317 1.001679 1.033042 1.064404 1.095767 1.127129 1.158491 1.148044 1.148040 1.148040 1.148040 1.148040 1.148040 1.148040 1.130661 1.130661 1.130661 1.130661 1.130661 1.130661 1.130661 1.130661 1.130661 1.130661 1.130661 1.130661 1.130661 1.130653 1.073227 1.015801 0.958374 0.900948 0.843522 0.786096 0.786084 0.786084 0.786084 0.786084 0.786084 0.786084 0.786084 0.786084 0.786084 0.786084 0.786084 0.786084 0.786084 0.786084 0.786084 0.786084 0.786084 0.786084 0.786084 0.786084 0.786084 0.786084 0.786084 0.786084 0.786084 0.786084 0.790431 0.803465 0.816498
1.012143 1.043505 1.074868 1.106230 1.137593 1.168942 1.137582 1.106222 1.074862 1.043502 1.012142 0.980782 0.970317 1.001679 1.033042 1.064404 1.095767 1.127129 1.158491 1.148044 1.116681 1.116678 1.116678 1.116678 1.116678 1.116678 1.090610 1.073231 1.073231 1.073231 1.073231 1.073231 1.073231 1.073231 1.073231 1.073231 1.073231 1.073231 1.073231 1.073231 1.073227 1.015801 0.958374 0.900948 0.843522 0.786096 0.786084 0.786084 0.786084 0.786084 0.786084 0.786084 0.786084 0.786084 0.786084 0.786084 0.786084 0.786084 0.786084 0.786084 0.786084 0.786084 0.786084 0.786084 0.786084 0.786084 0.786084 0.786084 0.786084 0.786084 0.786084 0.786084 0.790431 0.803465 0.816498
1.043502 1.043505 1.074868 1.106230 1.137593 1.168942 1.137582 1.106222 1.074862 1.043502 1.012142 0.980782 0.970317 1.001679 1.033042 1.064404 1.095767 1.127129 1.158491 1.148044 1.116681 1.085319 1.085316 1.085316 1.085316 1.085316 1.059248 1.033180 1.015801 1.015801 1.015801 1.015801 1.015801 1.015801 1.015801 1.015801 1.015801 1.015801 1.015801 1.015801 1.015801 1.015801 0.958374 0.900948 0.843522 0.786096 0.786084 0.786084 0.786084 0.786084 0.786084 0.786084 0.786084 0.786084 0.786084 0.786084 0.786084 0.786084 0.786084 0.786084 0.786084 0.786084 0.786084 0.786084 0.786084 0.786084 0.786084 0.786084 0.786084 0.786084 0.786084 0.786084 0.790431 0.803465 0.816498
1.074864 1.074864 1.074868 1.106230 1.137593 1.168942 1.137582 1.106222 1.074862 1.043502 1.012142 0.980782 0.970317 1.001679 1.033042 1.064404 1.095767 1.127129 1.158491 1.148044 1.116681 1.085319 1.053956 1.053954 1.053954 1.053954 1.027886 1.001818 0.975749 0.958371 0.958371 0.958371 0.958371 0.958371 0.958371 0.958371 0.958371 0.958371 0.958371 0.958371 0.958371 0.958371 0.958371 0.900948 0.843522 0.786096 0.786084 0.786084 0.786084 0.786084 0.786084 0.786084 0.786084 0.786084 0.786084 0.786084 0.786084 0.786084 0.786084 0.786084 0.786084 0.786084 0.786084 0.786084 0.786084 0.786084 0.786084 0.786084 0.786084 0.786084 0.786084 0.786084 0.790431 0.803465 -9999
1.106226 1.106226 1.106226 1.106230 1.137593 1.168942 1.137582 1.106222 1.074862 1.043502 1.012142 0.980782 0.970317 1.001679 1.033042 1.064404 1.095767 1.127129 1.158491 1.148044 1.116681 1.085319 1.053956 1.022594 1.022592 1.022592 0.996524 0.970455 0.944387 0.918319 0.900941 0.900941 0.900941 0.900941 0.900941 0.900941 0.900941 0.900941 0.900941 0.900941 0.900941 0.900941 0.900941 0.900941 0.843522 0.786096 0.786084 0.786084 0.786084 0.786084 0.786084 0.786084 0.786084 0.786084 0.786084 0.786084 0.786084 0.786084 0.786084 0.786084 0.786084 0.786084 0.786084 0.786084 0.786084 0.786084 0.786084 0.786084 0.786084 0.786084 0.786084 0.786084 0.790431 -9999 -9999
1.137588 1.137588 1.137588 1.137588 1.137593 1.168942 1.137582 1.106222 1.074862 1.043502 1.012142 0.980782 0.970317 1.001679 1.033042 1.064404 1.095767 1.127129 1.158491 1.148044 1.116681 1.085319 1.053956 1.022594 0.991231 0.991229 0.965161 0.939093 0.913025 0.886957 0.860889 0.843511 0.843511 0.843511 0.843511 0.843511 0.843511 0.843511 0.843511 0.843511 0.843511 0.843511 0.843511 0.843511 0.843511 0.786096 0.786084 0.786084 0.786084 0.786084 0.786084 0.786084 0.786084 0.786084 0.786084 0.786084 0.786084 0.786084 0.786084 0.786084 0.786084 0.786084 0.786084 0.786084 0.786084 0.786084 0.786084 0.786084 0.786084 0.786084 0.786084 0.786084 0.790431 -9999 -9999
1.168947 1.168947 1.168947 1.168947 1.168947 1.168944 1.137584 1.106224 1.074864 1.043504 1.012144 0.980784 0.970317 1.001679 1.033042 1.064404 1.095767 1.127129 1.158491 1.148042 1.116680 1.085317 1.053955 1.022592 0.991230 0.959868 0.933801 0.907733 0.881665 0.855596 0.829528 0.803460 0.786084 0.786084 0.786084 0.786084 0.786084 0.786084 0.786084 0.786084 0.786084 0.786084 0.786084 0.786084 0.786084 0.786084 0.786084 0.786084 0.786084 0.786084 0.786084 0.786084 0.786084 0.786084 0.786084 0.786084 0.786084 0.786084 0.786084 0.786084 0.786084 0.786084 0.786084 0.786084 0.786084 0.786084 0.786084 0.786084 0.786084 0.786084 0.786084 0.786084 -9999 -9999 -9999
1.137585 1.137585 1.137585 1.137585 1.137585 1.137592 1.168946 1.137586 1.106226 1.074866 1.043506 1.012145 0.991232 1.001679 1.033042 1.064404 1.095767 1.127129 1.158491 1.130668 1.090612 1.059250 1.027887 0.996525 0.965162 0.933800 0.933800 0.907733 0.881665 0.855596 0.829528 0.803460 0.786084 0.786084 0.786084 0.786084 0.786084 0.786084 0.786084 0.786084 0.786084 0.786084 0.786084 0.786084 0.786084 0.786084 0.786084 0.786084 0.786084 0.786084 0.786084 0.786084 0.786084 0.786084 0.786084 0.786084 0.786084 0.786084 0.786084 0.786084 0.786084 0.786084 0.786084 0.786084 0.786084 0.786084 0.786084 -9999 0.786084 0.786084 0.786087 -9999 -9999 -9999 -9999
1.106223 1.106223 1.106223 1.106223 1.106223 1.106230 1.137590 1.168948 1.137588 1.106227 1.074867 1.043507 1.022594 1.022594 1.033042 1.064404 1.095767 1.127129 1.158491 1.130668 1.073237 1.033182 1.001820 0.970457 0.939095 0.907732 0.907732 0.907732 0.881665 0.855596 0.829528 0.803460 0.786084 0.786084 0.786084 0.786084 0.786084 0.786084 0.786084 0.786084 0.786084 0.786084 0.786084 0.786084 0.786084 0.786084 0.786084 0.786084 0.786084 0.786084 0.786084 0.786084 0.786084 0.786084 0.786084 0.786084 0.786084 0.786084 0.786084 0.786084 0.786084 0.786084 0.786084 -9999 -9999 -9999 -9999 -9999 -9999 -9999 -9999 -9999 -9999 -9999 -9999
1.074862 1.074862 1.074862 1.074862 1.074862 1.074868 1.106228 1.137588 1.168948 1.137589 1.106229 1.074869 1.053956 1.053956 1.053956 1.064404 1.095767 1.127129 1.158491 1.130668 1.073237 1.015806 0.975752 0.944390 0.913027 0.881665 0.881665 0.881665 0.881665 0.855596 0.829528 0.803460 0.786084 0.786084 0.786084 0.786084 0.786084 0.786084 0.786084 0.786084 0.786084 0.786084 0.786084 0.786084 0.786084 0.786084 0.786084 0.786084 0.786084 0.786084 0.786084 0.786084 0.786084 0.786084 0.786084 0.786084 0.786084 0.786084 0.786084 0.786084 0.786084 -9999 -9999 -9999 -9999 -9999 -9999 -9999 -9999 -9999 -9999 -9999 -9999 -9999 -9999
1.043500 1.043500 1.043500 1.043500 1.043500 1.043506 1.074866 1.106226 1.137586 1.168946 1.137591 1.106231 1.085318 1.085318 1.085318 1.085318 1.095767 1.127129 1.158491 1.130668 1.073237 1.015806 0.958376 0.918322 0.886960 0.855597 0.855597 0.855597 0.855597 0.855596 0.829528 0.803460 0.786084 0.786084 0.786084 0.786084 0.786084 0.786084 0.786084 0.786084 0.786084 0.786084 0.786084 0.786084 0.786084 0.786084 0.786084 0.786084 0.786084 0.786084 0.786084 0.786084 0.786084 0.786084 0.786084 0.786084 0.786084 0.786084 0.786084 0.786084 0.786084 -9999 -9999 -9999 -9999 -9999 -9999 -9999 -9999 -9999 -9999 -9999 -9999 -9999 -9999
1.012138 1.012138 1.012138 1.012138 1.012138 1.012144 1.043504 1.074864 1.106224 1.137585 1.168945 1.137593 1.116680 1.116680 1.116680 1.116680 1.116680 1.127129 1.158491 1.130668 1.073237 1.015806 0.958376 0.900945 0.860892 0.829530 0.829530 0.829530 0.829530 0.829530 0.829528 0.803460 0.786084 0.786084 0.786084 0.786084 0.786084 0.786084 0.786084 0.786084 0.786084 0.786084 0.786084 0.786084 0.786084 0.786084 0.786084 0.786084 0.786084 0.786084 0.786084 0.786084 0.786084 0.786084 0.786084 0.786084 0.786084 0.786084 0.786084 -9999 -9999 -9999 -9999 -9999 -9999 -9999 -9999 -9999 -9999 -9999 -9999 -9999 -9999 -9999 -9999
0.980776 0.980776 0.980776 0.980776 0.980776 0.980782 1.012142 1.043503 1.074863 1.106223 1.137583 1.168943 1.148042 1.148042 1.148042 1.148042 1.148042 1.148042 1.158491 1.130668 1.073237 1.015806 0.958376 0.900945 0.843515 0.803462 0.803462 0.803462 0.803462 0.803462 0.803462 0.803460 0.786084 0.786084 0.786084 0.786084 0.786084 0.786084 0.786084 0.786084 0.786084 0.786084 0.786084 0.786084 0.786084 0.786084 0.786084 0.786084 0.786084 0.786084 0.786084 0.786084 0.786084 0.786084 0.786084 0.786084 0.786084 0.786084 0.786084 -9999 -9999 -9999 -9999 -9999 -9999 -9999 -9999 -9999 -9999 -9999 -9999 -9999 -9999 -9999 -9999
0.959869 0.959869 0.959869 0.959869 0.959869 0.959869 0.980781 1.012141 1.043501 1.074861 1.106221 1.137581 1.158494 1.158494 1.158494 1.158494 1.158494 1.158494 1.158494 1.139357 1.081927 1.024496 0.967066 0.909635 0.852205 0.794774 0.794774 0.794774 0.794774 0.794774 0.794774 0.794774 0.794774 0.794774 0.794774 0.794774 0.794774 0.794774 0.794774 0.794774 0.794774 0.794774 0.794774 0.794774 0.794774 0.786084 0.786084 0.786084 0.786084 0.786084 0.786084 0.786084 0.786084 0.786084 0.786084 0.786084 0.786084 0.786084 0.786084 -9999 -9999 -9999 -9999 -9999 -9999 -9999 -9999 -9999 -9999 -9999 -9999 -9999 -9999 -9999 -9999
0.959869 0.959869 0.959869 0.959869 0.959869 0.959869 0.959869 0.980779 1.012139 1.043499 1.074859 1.106219 1.127132 1.127132 1.127132 1.127132 1.127132 1.127132 1.127132 1.127132 1.107995 1.050564 0.993133 0.935703 0.878272 0.820842 0.820842 0.820842 0.820842 0.820842 0.820842 0.820842 0.820842 0.820842 0.820842 0.820842 0.820842 0.820842 0.820842 0.820842 0.820842 0.820842 0.820842 0.820842 0.803469 0.786084 0.786084 0.786084 0.786084 0.786084 0.786084 0.786084 0.786084 0.786084 0.786084 0.786084 0.786084 0.786084 -9999 -9999 -9999 -9999 -9999 -9999 -9999 -9999 -9999 -9999 -9999 -9999 -9999 -9999 -9999 -9999 -9999
0.959869 0.959869 0.959869 0.959869 0.959869 0.959869 0.959869 0.959869 0.980777 1.012137 1.043497 1.074857 1.095770 1.095770 1.095770 1.095770 1.095770 1.095770 1.095770 1.095770 1.095770 1.076632 1.019201 0.961770 0.904340 0.846909 0.846909 0.846909 0.846909 0.846909 0.846909 0.846909 0.846909 0.846909 0.846909 0.846909 0.846909 0.846909 0.846909 0.846909 0.846909 0.846909 0.846909 0.829534 0.786084 0.786084 0.786084 0.786084 0.786084 0.786084 0.786084 0.786084 0.786084 0.786084 0.786084 0.786084 0.786084 0.789916 -9999 -9999 -9999 -9999 -9999 -9999 -9999 -9999 -9999 -9999 -9999 -9999 -9999 -9999 -9999 -9999 -9999
0.959869 0.959869 0.959869 0.959869 0.959869 0.959869 0.959869 0.959869 0.959869 0.980775 1.012135 1.043495 1.064408 1.064408 1.064408 1.064408 1.064408 1.064408 1.064408 1.064408 1.064408 1.064408 1.045269 0.987838 0.930407 0.872977 0.872977 0.872977 0.872977 0.872977 0.872977 0.872977 0.872977 0.872977 0.872977 0.872977 0.872977 0.872977 0.872977 0.872977 0.872977 0.872977 0.855599 0.803466 0.786084 0.786084 0.786084 0.786084 0.786084 0.786084 0.786084 0.786084 0.786084 0.786084 0.786084 0.786087 0.797573 0.809059 -9999 -9999 -9999 -9999 -9999 -9999 -9999 -9999 -9999 -9999 -9999 -9999 -9999 -9999 -9999 -9999 -9999
0.959869 0.959869 0.959869 0.959869 0.959869 0.959869 0.959869 0.959869 0.959869 0.959869 0.980773 1.012133 1.033047 1.033047 1.033047 1.033047 1.033047 1.033047 1.033047 1.033047 1.033047 1.033047 1.033047 1.013906 0.956475 0.899044 0.899044 0.899044 0.899044 0.899044 0.899044 0.899044 0.899044 0.899044 0.899044 0.899044 0.899044 0.899044 0.899044 0.899044 0.899044 0.881663 0.829531 0.786084 0.786084 0.786084 0.786084 0.786084 0.786084 0.786084 -9999 -9999 -9999 -9999 -9999 0.805231 0.816717 -9999 -9999 -9999 -9999 -9999 -9999 -9999 -9999 -9999 -9999 -9999 -9999 -9999 -9999 -9999 -9999 -9999 -9999
0.959869 0.959869 0.959869 0.959869 0.959869 0.959869 0.959869 0.959869 0.959869 0.959869 0.959869 0.980772 1.001685 1.001685 1.001685 1.001685 1.001685 1.001685 1.001685 1.001685 1.001685 1.001685 1.001685 1.001685 0.982543 0.925112 0.925112 0.925112 0.925112 0.925112 0.925112 0.925112 0.925112 0.925112 0.925112 0.925112 0.925112 0.925112 0.925112 0.925112 0.907728 0.855595 0.803463 0.786084 0.786084 0.786084 0.786084 -9999 -9999 -9999 -9999 -9999 -9999 -9999 -9999 -9999 -9999 -9999 -9999 -9999 -9999 -9999 -9999 -9999 -9999 -9999 -9999 -9999 -9999 -9999 -9999 -9999 -9999 -9999 -9999
0.959869 0.959869 0.959869 0.959869 0.959869 0.959869 0.959869 0.959869 0.959869 0.959869 0.959869 0.959869 0.970323 0.970323 0.970323 0.970323 0.970323 0.970323 0.970323 0.970323 0.970323 0.970323 0.970323 0.970323 0.970323 0.951180 0.951180 0.951180 0.951180 0.951180 0.951180 0.951180 0.951180 0.951180 0.951180 0.951180 0.951180 0.951180 0.951180 0.933793 0.881660 0.829528 0.786084 0.786084 0.786084 -9999 -9999 -9999 -9999 -9999 -9999 -9999 -9999 -9999 -9999 -9999 -9999 -9999 -9999 -9999 -9999 -9999 -9999 -9999 -9999 -9999 -9999 -9999 -9999 -9999 -9999 -9999 -9999 -9999 -9999
0.959869 0.959869 0.959869 0.959869 0.959869 0.959869 0.959869 0.959869 0.959869 0.959869 0.959869 0.959869 0.959869 0.959869 0.959869 0.959869 0.959869 0.959869 0.959869 0.959869 0.959869 0.959869 0.959869 0.959869 0.959869 0.959869 0.959869 0.959869 0.959869 0.959869 0.959869 0.959869 0.951177 0.942490 0.942490 0.942490 0.942490 0.942490 0.942490 0.907725 0.855592 0.803460 0.786084 -9999 -9999 -9999 -9999 -9999 -9999 -9999 -9999 -9999 -9999 -9999 -9999 -9999 -9999 -9999 -9999 -9999 -9999 -9999 -9999 -9999 -9999 -9999 -9999 -9999 -9999 -9999 -9999 -9999 -9999 -9999 -9999
0.959869 0.959869 0.959869 0.959869 0.959869 0.959869 0.959869 0.959869 0.959869 0.959869 0.959869 0.959869 0.959869 0.959869 0.959869 0.959869 0.959869 0.959869 0.959869 0.959869 0.959869 0.959869 0.959869 0.959869 0.959869 0.959869 0.959869 0.959869 0.959869 0.959869 0.959869 0.959869 0.951177 0.925109 0.916422 0.916422 0.916422 0.916422 0.916422 0.881657 0.829524 0.786084 -9999 -9999 -9999 -9999 -9999 -9999 -9999 -9999 -9999 -9999 -9999 -9999 -9999 -9999 -9999 -9999 -9999 -9999 -9999 -9999 -9999 -9999 -9999 -9999 -9999 -9999 -9999 -9999 -9999 -9999 -9999 -9999 -9999
0.959869 0.959869 0.959869 0.959869 0.959869 0.959869 0.959869 0.959869 0.959869 0.959869 0.959869 0.959869 0.959869 0.959869 0.959869 0.959869 0.959869 0.959869 0.959869 0.959869 0.959869 0.959869 0.959869 0.959869 0.959869 0.959869 0.959869 0.959869 0.959869 0.959869 0.959869 0.959869 0.951177 0.925109 0.899041 0.890355 0.890355 0.890355 0.890355 0.855589 0.803457 0.786084 -9999 -9999 -9999 -9999 -9999 -9999 -9999 -9999 -9999 -9999 -9999 -9999 -9999 -9999 -9999 -9999 -9999 -9999 -9999 -9999 -9999 -9999 -9999 -9999 -9999 -9999 -9999 -9999 -9999 -9999 -9999 -9999 -9999
0.959869 0.959869 0.959869 0.959869 0.959869 0.959869 0.959869 0.959869 0.959869 0.959869 0.959869 0.959869 0.959869 0.959869 0.959869 0.959869 0.959869 0.959869 0.959869 0.959869 0.959869 0.959869 0.959869 0.959869 0.959869 0.959869 0.959869 0.959869 0.959869 0.959869 0.959869 0.959869 0.951177 0.925109 0.899041 0.872973 0.864287 0.864287 0.864287 0.829521 0.786084 -9999 -9999 -9999 -9999 -9999 -9999 -9999 -9999 -9999 -9999 -9999 -9999 -9999 -9999 -9999 -9999 -9999 -9999 -9999 -9999 -9999 -9999 -9999 -9999 -9999 -9999 -9999 -9999 -9999 -9999 -9999 -9999 -9999 -9999
0.959869 0.959869 0.959869 0.959869 0.959869 0.959869 0.959869 0.959869 0.959869 0.959869 0.959869 0.959869 0.959869 0.959869 0.959869 0.959869 0.959869 0.959869 0.959869 0.959869 0.959869 0.959869 0.959869 0.959869 0.959869 0.959869 0.959869 0.959869 0.959869 0.959869 0.959869 0.959869 0.951177 0.925109 0.899041 0.872973 0.846904 0.838219 0.838219 0.803453 0.786084 -9999 -9999 -9999 -9999 -9999 -9999 -9999 -9999 -9999 -9999 -9999 -9999 -9999 -9999 -9999 -9999 -9999 -9999 -9999 -9999 -9999 -9999 -9999 -9999 -9999 -9999 -9999 -9999 -9999 -9999 -9999 -9999 -9999 -9999
0.959869 0.959869 0.959869 0.959869 0.959869 0.959869 0.959869 0.959869 0.959869 0.959869 0.959869 0.959869 0.959869 0.959869 0.959869 0.959869 0.959869 0.959869 0.959869 0.959869 0.959869 0.959869 0.959869 0.959869 0.959869 0.959869 0.959869 0.959869 0.959869 0.959869 0.959869 0.959869 0.951177 0.925109 0.899041 0.872973 0.846904 0.820836 0.812151 0.786084 0.786087 -9999 -9999 -9999 -9999 -9999 -9999 -9999 -9999 -9999 -9999 -9999 -9999 -9999 -9999 -9999 -9999 -9999 -9999 -9999 -9999 -9999 -9999 -9999 -9999 -9999 -9999 -9999 -9999 -9999 -9999 -9999 -9999 -9999 -9999
0.959869 0.959869 0.959869 0.959869 0.959869 0.959869 0.959869 0.959869 0.959869 0.959869 0.959869 0.959869 0.959869 0.959869 0.959869 0.959869 0.959869 0.959869 0.959869 0.959869 0.959869 0.959869 0.959869 0.959869 0.959869 0.959869 0.959869 0.959869 0.959869 0.959869 0.959869 0.959869 0.951175 0.925107 0.899039 0.872971 0.846902 0.820834 0.794766 0.793745 -9999 -9999 -9999 -9999 -9999 -9999 -9999 -9999 -9999 -9999 -9999 -9999 -9999 -9999 -9999 -9999 -9999 -9999 -9999 -9999 -9999 -9999 -9999 -9999 -9999 -9999 -9999 -9999 -9999 -9999 -9999 -9999 -9999 -9999 -9999
0.959869 0.959869 0.959869 0.959869 0.959869 0.959869 0.959869 0.959869 0.959869 0.959869 0.959869 0.959869 0.959869 0.959869 0.959869 0.959869 0.959869 0.959869 0.959869 0.959869 0.959869 0.959869 0.959869 0.959869 0.959869 0.959869 0.959869 0.959869 0.959869 0.959869 0.951176 0.925108 0.899040 0.872972 0.846903 0.820835 0.803460 -9999 -9999 -9999 -9999 -9999 -9999 -9999 -9999 -9999 -9999 -9999 -9999 -9999 -9999 -9999 -9999 -9999 -9999 -9999 -9999 -9999 -9999 -9999 -9999 -9999 -9999 -9999 -9999 -9999 -9999 -9999 -9999 -9999 -9999 -9999 -9999 -9999 -9999
0.959869 0.959869 0.959869 0.959869 0.959869 0.959869 0.959869 0.959869 0.959869 0.959869 0.959869 0.959869 0.959869 0.959869 0.959869 0.959869 0.959869 0.959869 0.959869 0.959869 0.959869 0.959869 0.959869 0.959869 0.959869 0.959869 0.959869 0.959869 0.951177 0.925109 0.899041 0.872973 0.846904 -9999 -9999 -9999 -9999 -9999 -9999 -9999 -9999 -9999 -9999 -9999 -9999 -9999 -9999 -9999 -9999 -9999 -9999 -9999 -9999 -9999 -9999 -9999 -9999 -9999 -9999 -9999 -9999 -9999 -9999 -9999 -9999 -9999 -9999 -9999 -9999 -9999 -9999 -9999 -9999 -9999 -9999
0.959869 0.959869 0.959869 0.959869 0.959869 0.959869 0.959869 0.959869 0.959869 0.959869 0.959869 0.959869 0.959869 0.959869 0.959869 0.959869 0.959869 0.959869 0.959869 0.959869 0.959869 0.959869 0.959869 0.959869 0.959869 0.959869 0.951178 0.925110 0.899042 0.872974 0.855597 0.842562 -9999 -9999 -9999 -9999 -9999 -9999 -9999 -9999 -9999 -9999 -9999 -9999 -9999 -9999 -9999 -9999 -9999 -9999 -9999 -9999 -9999 -9999 -9999 -9999 -9999 -9999 -9999 -9999 -9999 -9999 -9999 -9999 -9999 -9999 -9999 -9999 -9999 -9999 -9999 -9999 -9999 -9999 -9999
0.959869 0.959869 0.959869 0.959869 0.959869 0.959869 0.959869 0.959869 0.959869 0.959869 0.959869 0.959869 0.959869 0.959869 0.959869 0.959869 0.959869 0.959869 0.959869 0.959869 0.959869 0.959869 0.959869 0.959869 0.951179 0.925111 0.899043 0.881665 0.868631 0.855596 0.842562 0.829528 -9999 -9999 -9999 -9999 -9999 -9999 -9999 -9999 -9999 -9999 -9999 -9999 -9999 -9999 -9999 -9999 -9999 -9999 -9999 -9999 -9999 -9999 -9999 -9999 -9999 -9999 -9999 -9999 -9999 -9999 -9999 -9999 -9999 -9999 -9999 -9999 -9999 -9999 -9999 -9999 -9999 -9999 -9999
